xof 0303txt 0032
template XSkinMeshHeader {
 <3cf169ce-ff7c-44ab-93c0-f78f62d172e2>
 WORD nMaxSkinWeightsPerVertex;
 WORD nMaxSkinWeightsPerFace;
 WORD nBones;
}

template VertexDuplicationIndices {
 <b8d65549-d7c9-4995-89cf-53a9a8b031e3>
 DWORD nIndices;
 DWORD nOriginalVertices;
 array DWORD indices[nIndices];
}

template SkinWeights {
 <6f0d123b-bad2-4167-a0d0-80224f25fabb>
 STRING transformNodeName;
 DWORD nWeights;
 array DWORD vertexIndices[nWeights];
 array FLOAT weights[nWeights];
 Matrix4x4 matrixOffset;
}

template AnimTicksPerSecond {
 <9e415a43-7ba6-4a73-8743-b73d47e88476>
 DWORD AnimTicksPerSecond;
}

template VertexElement {
 <f752461c-1e23-48f6-b9f8-8350850f336f>
 DWORD Type;
 DWORD Method;
 DWORD Usage;
 DWORD UsageIndex;
}

template DeclData {
 <bf22e553-292c-4781-9fea-62bd554bdd93>
 DWORD nElements;
 array VertexElement Elements[nElements];
 DWORD nDWords;
 array DWORD data[nDWords];
}


AnimTicksPerSecond {
 4800;
}

Frame Dummy01 {
 

 FrameTransformMatrix {
  1.000000,0.000000,0.000000,0.000000,0.000000,-0.000000,-1.000000,0.000000,0.000000,1.000000,-0.000000,0.000000,0.000000,0.000000,0.000000,1.000000;;
 }

 Frame Bip01 {
  

  FrameTransformMatrix {
   -0.367716,0.927398,-0.068682,0.000000,-0.025315,0.063847,0.997639,0.000000,0.929593,0.368587,0.000000,0.000000,0.000009,-0.244718,0.226755,1.000000;;
  }

  Frame Bip01_Pelvis {
   

   FrameTransformMatrix {
    0.000000,1.000000,-0.000001,0.000000,-0.000001,0.000001,1.000000,0.000000,1.000000,0.000000,0.000001,0.000000,0.000000,0.000000,0.000000,1.000000;;
   }

   Frame Bip01_Spine {
    

    FrameTransformMatrix {
     0.890421,-0.049754,0.452410,0.000000,-0.018891,0.989110,0.145960,0.000000,-0.454746,-0.138512,0.879785,0.000000,0.051672,0.000012,-0.000075,1.000000;;
    }

    Frame Bip01_Spine1 {
     

     FrameTransformMatrix {
      0.916858,-0.045555,0.396606,0.000000,-0.008138,0.991129,0.132658,0.000000,-0.399131,-0.124856,0.908353,0.000000,0.106514,0.000011,-0.000077,1.000000;;
     }

     Frame Bip01_Neck {
      

      FrameTransformMatrix {
       0.825697,0.449709,0.340567,0.000000,-0.390184,0.891302,-0.230949,0.000000,-0.407408,0.057810,0.911415,0.000000,0.130515,-0.000002,0.004628,1.000000;;
      }

      Frame Bip01_Head {
       

       FrameTransformMatrix {
        0.888830,0.053511,-0.455102,0.000000,-0.171222,0.960005,-0.221525,0.000000,0.425046,0.274822,0.862444,0.000000,0.033674,-0.000000,0.000000,1.000000;;
       }

       Frame Bip01_HeadNub {
        

        FrameTransformMatrix {
         1.000000,-0.000000,0.000000,0.000000,0.000000,1.000000,-0.000000,0.000000,0.000000,-0.000000,1.000000,0.000000,0.169824,0.000000,0.000000,1.000000;;
        }
       }
      }

      Frame Bip01_L_Clavicle {
       

       FrameTransformMatrix {
        0.299542,0.945485,0.127801,0.000000,0.890977,-0.229301,-0.391895,0.000000,-0.341225,0.231257,-0.911090,0.000000,-0.014354,0.024455,0.006483,1.000000;;
       }

       Frame Bip01_L_UpperArm {
        

        FrameTransformMatrix {
         0.442064,-0.478783,-0.758516,0.000000,0.333991,0.872682,-0.356196,0.000000,0.832484,-0.095876,0.545691,0.000000,0.087086,0.000000,0.000000,1.000000;;
        }

        Frame Bip01_L_Forearm {
         

         FrameTransformMatrix {
          0.573585,0.000000,-0.819146,0.000000,-0.000000,1.000000,0.000000,0.000000,0.819146,0.000000,0.573585,0.000000,0.137062,0.000000,0.000000,1.000000;;
         }

         Frame Bip01_L_Hand {
          

          FrameTransformMatrix {
           0.687722,0.697969,-0.199693,0.000000,-0.229522,0.470000,0.852303,0.000000,0.688737,-0.540314,0.483429,0.000000,0.137062,-0.000000,0.000000,1.000000;;
          }

          Frame Bip01_L_Finger0 {
           

           FrameTransformMatrix {
            0.413664,0.120672,0.902397,0.000000,0.558537,0.749101,-0.356210,0.000000,-0.718971,0.651373,0.242477,0.000000,0.057681,-0.023605,-0.000272,1.000000;;
           }

           Frame Bip01_L_Finger0Nub {
            

            FrameTransformMatrix {
             1.000000,0.000000,0.000000,0.000000,-0.000000,1.000000,0.000000,0.000000,0.000000,0.000000,1.000000,0.000000,0.029435,0.000000,0.000000,1.000000;;
            }
           }
          }

          Frame Bip01_L_Finger1 {
           

           FrameTransformMatrix {
            0.917114,-0.000317,0.398625,0.000000,-0.000000,1.000000,0.000796,0.000000,-0.398625,-0.000730,0.917113,0.000000,0.084102,0.000000,-0.000000,1.000000;;
           }

           Frame Bip01_L_Finger1Nub {
            

            FrameTransformMatrix {
             1.000000,-0.000000,0.000000,0.000000,-0.000000,1.000000,-0.000000,0.000000,-0.000000,0.000000,1.000000,0.000000,0.047988,-0.000000,0.000000,1.000000;;
            }
           }
          }
         }
        }
       }
      }

      Frame Bip01_R_Clavicle {
       

       FrameTransformMatrix {
        -0.704900,-0.704163,0.085269,0.000000,-0.621837,0.671323,0.403291,0.000000,-0.341225,0.231257,-0.911090,0.000000,-0.028488,-0.003558,0.004666,1.000000;;
       }

       Frame Bip01_R_UpperArm {
        

        FrameTransformMatrix {
         0.451787,0.568420,-0.687595,0.000000,-0.616768,0.755885,0.219624,0.000000,0.644582,0.324864,0.692082,0.000000,0.087086,0.000000,0.000000,1.000000;;
        }

        Frame Bip01_R_Forearm {
         

         FrameTransformMatrix {
          0.399680,0.000000,-0.916655,0.000000,0.000000,1.000000,-0.000000,0.000000,0.916655,0.000000,0.399680,0.000000,0.137062,-0.000000,0.000000,1.000000;;
         }

         Frame Bip01_R_Hand {
          

          FrameTransformMatrix {
           0.948379,0.245948,0.200217,0.000000,0.111462,0.332552,-0.936475,0.000000,-0.296907,0.910450,0.287971,0.000000,0.137062,0.000000,0.000000,1.000000;;
          }

          Frame Bip01_R_Finger0 {
           

           FrameTransformMatrix {
            0.367636,-0.161392,0.915859,0.000000,-0.558537,0.749101,0.356210,0.000000,-0.743559,-0.642496,0.185254,0.000000,0.057681,0.023605,-0.000272,1.000000;;
           }

           Frame Bip01_R_Finger0Nub {
            

            FrameTransformMatrix {
             -1.000000,0.000000,-0.000000,0.000000,-0.000000,1.000000,0.000000,0.000000,-0.000000,-0.000000,-1.000000,0.000000,0.029435,0.000000,0.000000,1.000000;;
            }
           }
          }

          Frame Bip01_R_Finger1 {
           

           FrameTransformMatrix {
            0.633600,0.000616,0.773660,0.000000,0.000000,1.000000,-0.000796,0.000000,-0.773660,0.000504,0.633600,0.000000,0.084102,0.000000,0.000000,1.000000;;
           }

           Frame Bip01_R_Finger1Nub {
            

            FrameTransformMatrix {
             -1.000000,0.000000,0.000000,0.000000,-0.000000,1.000000,0.000000,0.000000,-0.000000,-0.000000,-1.000000,0.000000,0.047988,-0.000000,0.000000,1.000000;;
            }
           }
          }
         }
        }
       }
      }
     }

     Frame Bip01_BackPack {
      

      FrameTransformMatrix {
       0.190105,-0.000002,-0.981764,0.000000,0.000003,1.000000,-0.000002,0.000000,0.981764,-0.000002,0.190105,0.000000,0.063697,-0.000000,-0.088856,1.000000;;
      }

      Frame Bip01_BackPackNub {
       

       FrameTransformMatrix {
        0.000796,0.000003,1.000000,0.000000,0.000000,-1.000000,0.000003,0.000000,1.000000,-0.000000,-0.000796,0.000000,0.053240,0.000000,0.000000,1.000000;;
       }
      }
     }
    }

    Frame Bip01_L_Thigh {
     

     FrameTransformMatrix {
      0.562296,0.625382,0.541036,0.000000,0.297688,-0.763486,0.573124,0.000000,0.771495,-0.161206,-0.615474,0.000000,-0.048723,0.055599,0.015916,1.000000;;
     }

     Frame Bip01_L_Calf {
      

      FrameTransformMatrix {
       -0.404624,-0.000000,-0.914483,0.000000,0.000000,1.000000,-0.000000,0.000000,0.914483,0.000000,-0.404624,0.000000,0.237500,0.000000,-0.000000,1.000000;;
      }

      Frame Bip01_L_Foot {
       

       FrameTransformMatrix {
        0.973604,0.017409,0.227578,0.000000,0.079346,0.909082,-0.408992,0.000000,-0.214007,0.416254,0.883704,0.000000,0.206841,0.000000,0.000000,1.000000;;
       }

       Frame Bip01_L_Toe0 {
        

        FrameTransformMatrix {
         -0.000002,-0.248485,0.968636,0.000000,0.000001,0.968636,0.248485,0.000000,-1.000000,0.000001,-0.000001,0.000000,0.065373,0.000000,0.066450,1.000000;;
        }

        Frame Bip01_L_Toe0Nub {
         

         FrameTransformMatrix {
          -1.000000,0.000000,0.000000,0.000000,-0.000000,1.000000,-0.000000,0.000000,-0.000000,-0.000000,-1.000000,0.000000,0.006735,0.000000,0.000000,1.000000;;
         }
        }
       }
      }
     }
    }

    Frame Bip01_R_Thigh {
     

     FrameTransformMatrix {
      -0.529785,-0.196800,0.824983,0.000000,0.509709,-0.851329,0.124239,0.000000,0.677882,0.486322,0.551333,0.000000,-0.043228,-0.053649,0.031214,1.000000;;
     }

     Frame Bip01_R_Calf {
      

      FrameTransformMatrix {
       -0.609883,-0.000000,-0.792491,0.000000,0.000000,1.000000,0.000000,0.000000,0.792491,0.000000,-0.609883,0.000000,0.237500,-0.000000,0.000000,1.000000;;
      }

      Frame Bip01_R_Foot {
       

       FrameTransformMatrix {
        0.997117,0.019843,-0.073243,0.000000,0.012929,0.906669,0.421644,0.000000,0.074774,-0.421375,0.903798,0.000000,0.206841,0.000000,-0.000000,1.000000;;
       }

       Frame Bip01_R_Toe0 {
        

        FrameTransformMatrix {
         -0.142133,-0.574487,0.806078,0.000000,-0.099759,0.818514,0.565759,0.000000,-0.984808,-0.000000,-0.173648,0.000000,0.065373,0.000000,0.066450,1.000000;;
        }

        Frame Bip01_R_Toe0Nub {
         

         FrameTransformMatrix {
          1.000000,0.000000,-0.000000,0.000000,0.000000,1.000000,0.000000,0.000000,0.000000,-0.000000,1.000000,0.000000,0.006735,0.000000,-0.000000,1.000000;;
         }
        }
       }
      }
     }
    }
   }

   Frame Bip01_DressFront {
    

    FrameTransformMatrix {
     -0.086106,0.352388,0.931885,0.000000,0.672744,0.710474,-0.206501,0.000000,-0.734848,0.609139,-0.298243,0.000000,0.010820,0.001122,0.081073,1.000000;;
    }

    Frame Bip01_DressFront02 {
     

     FrameTransformMatrix {
      0.097411,-0.560747,0.822237,0.000000,0.066504,0.827987,0.556789,0.000000,-0.993020,0.000445,0.117947,0.000000,0.183455,0.000000,-0.000016,1.000000;;
     }

     Frame Bip01_DressFrontNub {
      

      FrameTransformMatrix {
       0.000796,0.000003,1.000000,0.000000,-0.000000,-1.000000,0.000003,0.000000,1.000000,-0.000000,-0.000796,0.000000,0.165302,-0.000000,-0.000000,1.000000;;
      }
     }
    }
   }

   Frame Bip01_DressBack {
    

    FrameTransformMatrix {
     -0.506118,-0.067413,0.859826,0.000000,0.113905,0.982983,0.144117,0.000000,-0.854910,0.170878,-0.489827,0.000000,-0.047447,0.001440,-0.074273,1.000000;;
    }

    Frame Bip01_DressBack02 {
     

     FrameTransformMatrix {
      -0.246751,0.000003,0.969079,0.000000,-0.000003,1.000000,-0.000004,0.000000,-0.969079,-0.000003,-0.246751,0.000000,0.176264,-0.000000,0.000027,1.000000;;
     }

     Frame Bip01_DressBackNub {
      

      FrameTransformMatrix {
       0.000796,0.000003,1.000000,0.000000,0.000000,-1.000000,0.000003,0.000000,1.000000,0.000000,-0.000796,0.000000,0.136508,-0.000000,0.000000,1.000000;;
      }
     }
    }
   }
  }

  Frame Bip01_Prop1 {
   

   FrameTransformMatrix {
    -0.680310,0.000015,0.732925,0.000000,0.725159,-0.145173,0.673104,0.000000,0.106411,0.989406,0.098752,0.000000,0.142619,-0.059655,-0.140704,1.000000;;
   }
  }

  Frame Bip01_Prop2 {
   

   FrameTransformMatrix {
    0.942967,-0.152570,-0.295865,0.000000,-0.244773,0.284577,-0.926878,0.000000,0.225610,0.946434,0.231002,0.000000,0.273803,-0.077792,0.005142,1.000000;;
   }
  }
 }
}

Frame Translation_Data {
 

 FrameTransformMatrix {
  -0.000000,0.000000,-1.000000,0.000000,-1.000000,-0.000000,0.000000,0.000000,-0.000000,1.000000,0.000000,0.000000,0.000000,-0.000000,0.000000,1.000000;;
 }
}

Frame Body {
 

 FrameTransformMatrix {
  1.000000,0.000000,0.000000,0.000000,0.000000,1.000000,0.000000,0.000000,0.000000,0.000000,1.000000,0.000000,0.000000,0.000000,0.000000,1.000000;;
 }

 Mesh Body {
  617;
  -0.028767;0.402979;0.066371;,
  -0.064767;0.431943;0.081612;,
  -0.055873;0.400655;0.090321;,
  -0.014770;0.386851;0.072722;,
  -0.004151;0.378002;0.078456;,
  -0.044453;0.367243;0.098796;,
  -0.020417;0.347493;0.110520;,
  0.022044;0.367948;0.104179;,
  -0.056248;0.473598;0.084502;,
  -0.015208;0.453427;0.071611;,
  0.004720;0.471867;0.082370;,
  -0.020749;0.483143;0.100567;,
  0.090479;0.278665;0.246756;,
  0.061136;0.275641;0.284866;,
  0.059430;0.292240;0.274352;,
  0.081708;0.291157;0.241142;,
  0.055503;0.283591;0.193551;,
  0.076812;0.260604;0.209924;,
  0.018588;0.274772;0.177937;,
  0.023129;0.225240;0.191731;,
  0.053935;0.237067;0.194596;,
  -0.079216;0.370484;0.120392;,
  -0.067356;0.346128;0.138016;,
  0.022093;0.271364;0.300415;,
  0.020184;0.290421;0.291491;,
  0.046875;0.404606;0.205495;,
  0.004882;0.411318;0.235633;,
  -0.006677;0.447093;0.209847;,
  0.037221;0.440290;0.174010;,
  0.052812;0.257209;0.191709;,
  0.076208;0.293696;0.096629;,
  0.115417;0.266922;0.095501;,
  0.091082;0.230161;0.193322;,
  0.093853;0.293167;-0.017036;,
  0.120361;0.271214;0.001398;,
  0.009288;0.252761;0.181478;,
  0.023825;0.172580;0.206906;,
  0.040614;0.193307;0.072736;,
  0.030416;0.267620;0.084774;,
  0.065487;0.252309;0.006247;,
  0.064670;0.271987;-0.009370;,
  0.095924;0.183383;0.191964;,
  0.118925;0.203011;0.085583;,
  0.105504;0.253699;0.013983;,
  0.107497;0.002781;0.047251;,
  0.063248;0.002804;0.055435;,
  0.080468;0.002697;0.101117;,
  0.114165;0.002674;0.092197;,
  0.094638;0.218786;-0.014455;,
  0.090191;0.146334;0.000433;,
  0.114035;0.149137;0.033663;,
  0.120651;0.222122;0.019119;,
  0.084061;0.069643;0.018973;,
  0.102687;0.071969;0.047535;,
  0.049152;0.205441;0.004449;,
  0.042075;0.229695;0.054132;,
  0.047339;0.164202;0.058786;,
  0.056737;0.148567;0.020040;,
  0.070177;0.085202;0.068104;,
  0.067892;0.064151;0.049015;,
  0.113121;0.236296;0.065882;,
  0.108450;0.161988;0.069570;,
  0.093877;0.089908;0.068208;,
  0.085117;0.232167;0.214310;,
  -0.019182;0.216755;0.196320;,
  -0.013159;0.183301;0.211509;,
  0.009288;0.252761;0.181478;,
  0.106843;0.230651;0.264403;,
  0.069202;0.230989;0.305207;,
  0.098092;0.184321;0.226951;,
  0.061458;0.179409;0.259656;,
  0.054279;0.357295;0.235077;,
  0.066005;0.390333;0.178469;,
  0.066551;0.382781;0.159298;,
  0.036530;0.352799;0.128688;,
  0.041438;0.320479;0.169194;,
  0.070471;0.343423;0.201063;,
  -0.007193;0.331565;0.126906;,
  0.010082;0.303661;0.162513;,
  -0.055848;0.335905;0.148239;,
  -0.032659;0.299721;0.186260;,
  -0.011454;0.382791;0.046956;,
  -0.008129;0.386609;0.100528;,
  0.000696;0.335820;0.032430;,
  0.001515;0.326568;0.091622;,
  0.018677;0.283328;0.077866;,
  0.017853;0.289613;0.029718;,
  0.052795;0.386612;0.100843;,
  0.066564;0.338099;0.092645;,
  0.001515;0.326568;0.091622;,
  0.069582;0.279001;0.077708;,
  0.018677;0.283328;0.077866;,
  0.060020;0.390004;0.092798;,
  0.053603;0.393456;0.048512;,
  0.065774;0.347671;0.033387;,
  0.068794;0.285097;0.029690;,
  0.016857;0.389708;0.040112;,
  0.001433;0.283126;0.025507;,
  0.001096;0.274350;0.082280;,
  -0.034895;0.227360;0.068914;,
  -0.033315;0.235118;0.033072;,
  -0.057308;0.186916;0.063862;,
  -0.059542;0.192721;0.038337;,
  0.001096;0.274350;0.082280;,
  0.054665;0.241049;0.078044;,
  0.012493;0.197732;0.056645;,
  -0.034895;0.227360;0.068914;,
  -0.026287;0.168775;0.049264;,
  -0.057308;0.186916;0.063862;,
  0.055058;0.249853;0.021586;,
  0.013593;0.204119;0.029221;,
  -0.029180;0.171036;0.034317;,
  -0.151138;0.139505;-0.020624;,
  -0.141966;0.133779;-0.001468;,
  -0.098042;0.119370;-0.014950;,
  -0.107509;0.125233;-0.033582;,
  -0.113461;0.141721;0.032349;,
  -0.111525;0.138508;0.021778;,
  -0.119376;0.144503;0.016930;,
  -0.124460;0.145325;0.030883;,
  -0.052373;0.141808;0.027517;,
  -0.073006;0.139585;-0.003552;,
  -0.105938;0.169531;0.024802;,
  -0.089281;0.161640;0.054285;,
  -0.046127;0.174184;0.008962;,
  -0.075842;0.152899;-0.018139;,
  -0.083985;0.196046;0.037084;,
  -0.106942;0.182170;0.009449;,
  0.010524;0.447411;0.057373;,
  0.001143;0.424703;0.040408;,
  -0.015208;0.453427;0.071611;,
  -0.027593;0.431714;0.062946;,
  0.058424;0.427241;0.141958;,
  -0.056342;0.447850;0.072143;,
  -0.006957;0.399993;0.046883;,
  -0.028767;0.402979;0.066371;,
  -0.014770;0.386851;0.072722;,
  -0.001198;0.390849;0.069116;,
  0.041047;0.446708;0.100049;,
  0.017389;0.462860;0.137590;,
  0.039780;0.445653;0.093836;,
  -0.025261;0.468377;0.176690;,
  -0.058917;0.480983;0.128574;,
  0.004720;0.471867;0.082370;,
  0.039780;0.445653;0.093836;,
  0.012206;0.395160;0.096027;,
  0.038895;0.432986;0.096396;,
  -0.008129;0.386609;0.100528;,
  0.047489;0.402175;0.126245;,
  0.028146;0.376123;0.114500;,
  -0.004151;0.378002;0.078456;,
  0.057665;0.414869;0.129604;,
  -0.089281;0.161640;0.054285;,
  -0.061347;0.480189;0.073623;,
  -0.053602;0.460088;0.065532;,
  -0.078800;0.481464;0.101337;,
  -0.086607;0.489783;0.077072;,
  -0.106942;0.182170;0.009449;,
  -0.151138;0.139505;-0.020624;,
  -0.107509;0.125233;-0.033582;,
  -0.103686;0.154877;0.043733;,
  -0.125247;0.165040;0.033592;,
  -0.103686;0.154877;0.043733;,
  -0.101789;0.153968;0.026058;,
  -0.115333;0.171003;0.014563;,
  -0.115333;0.171003;0.014563;,
  -0.113461;0.141721;0.032349;,
  -0.124460;0.145325;0.030883;,
  -0.119376;0.144503;0.016930;,
  0.094450;0.024447;-0.028724;,
  0.054545;0.021413;-0.057211;,
  0.054026;0.002834;-0.064549;,
  0.098038;0.002822;-0.037115;,
  0.074198;0.036107;0.091750;,
  0.080468;0.002697;0.101117;,
  0.063248;0.002804;0.055435;,
  0.061290;0.027761;0.053324;,
  0.070177;0.085202;0.068104;,
  0.093877;0.089908;0.068208;,
  0.114303;0.039129;0.080914;,
  0.107497;0.002781;0.047251;,
  0.114165;0.002674;0.092197;,
  0.107997;0.037727;0.044571;,
  0.084061;0.069643;0.018973;,
  0.102687;0.071969;0.047535;,
  0.022780;0.002845;-0.045741;,
  0.030512;0.018380;-0.040254;,
  0.098038;0.002822;-0.037115;,
  0.022780;0.002845;-0.045741;,
  0.030416;0.267620;0.084774;,
  0.064670;0.271987;-0.009370;,
  0.049152;0.205441;0.004449;,
  0.056737;0.148567;0.020040;,
  0.067892;0.064151;0.049015;,
  0.067892;0.064151;0.049015;,
  0.005717;0.174286;0.259114;,
  -0.042373;0.452275;0.056808;,
  -0.049450;0.434778;0.046594;,
  -0.058455;0.431184;0.052255;,
  -0.062398;0.443503;0.061510;,
  -0.051919;0.482052;0.057268;,
  -0.061419;0.503546;0.062776;,
  -0.068358;0.531903;-0.056814;,
  -0.088003;0.533748;-0.061185;,
  -0.085883;0.505131;-0.069414;,
  -0.050334;0.453863;-0.035995;,
  -0.054718;0.478242;-0.052405;,
  -0.066734;0.447114;-0.040270;,
  -0.037448;0.473399;0.038465;,
  -0.043403;0.445736;0.029279;,
  -0.044654;0.466243;0.053885;,
  -0.037770;0.509281;0.023096;,
  -0.035620;0.498796;0.001017;,
  -0.036011;0.518098;-0.030795;,
  -0.042624;0.495944;-0.046466;,
  -0.037798;0.475523;-0.012987;,
  -0.054002;0.543964;0.036890;,
  -0.041617;0.523861;0.030511;,
  -0.093860;0.550703;0.041543;,
  -0.093022;0.571552;-0.003116;,
  -0.059475;0.564508;-0.006702;,
  -0.037329;0.461667;0.004993;,
  -0.049926;0.439780;-0.006823;,
  -0.051644;0.428433;0.027251;,
  -0.065164;0.402743;0.037747;,
  -0.083881;0.392182;0.033427;,
  -0.085481;0.406863;0.048556;,
  -0.059931;0.497183;-0.061699;,
  -0.048732;0.526737;-0.047788;,
  -0.042923;0.549343;-0.016140;,
  -0.055804;0.553081;-0.035684;,
  -0.090861;0.562630;-0.037594;,
  -0.073492;0.560452;-0.036579;,
  -0.092840;0.516946;0.063307;,
  -0.042923;0.549343;-0.016140;,
  -0.055804;0.553081;-0.035684;,
  -0.031170;0.475043;0.036292;,
  -0.022084;0.507008;0.027658;,
  -0.026567;0.512781;0.007655;,
  -0.033210;0.496442;0.018232;,
  -0.022084;0.507008;0.027658;,
  -0.031170;0.475043;0.036292;,
  -0.026567;0.512781;0.007655;,
  -0.035620;0.498796;0.001017;,
  -0.034521;0.478021;0.015179;,
  -0.037448;0.473399;0.038465;,
  -0.050287;0.454168;-0.023800;,
  -0.034521;0.478021;0.015179;,
  -0.056342;0.447850;0.072143;,
  -0.053602;0.460088;0.065532;,
  -0.027593;0.431714;0.062946;,
  -0.051919;0.482052;0.057268;,
  -0.091212;0.413493;0.096255;,
  -0.084549;0.394448;0.108891;,
  -0.022489;0.272329;0.192139;,
  0.030117;0.228345;0.320652;,
  0.029864;0.194050;0.320014;,
  0.026357;0.174491;0.302786;,
  -0.090132;0.418641;0.064933;,
  0.005717;0.174286;0.259114;,
  -0.073492;0.560452;-0.036579;,
  -0.090861;0.562630;-0.037594;,
  -0.064264;0.419330;0.010401;,
  -0.071336;0.428451;-0.011704;,
  -0.071088;0.421980;-0.004542;,
  -0.084911;0.489692;-0.070212;,
  -0.083828;0.465571;-0.062184;,
  -0.069482;0.448147;-0.027586;,
  0.014726;0.360056;0.260996;,
  -0.027593;0.431714;0.062946;,
  0.054026;0.002834;-0.064549;,
  -0.064849;0.415173;0.015510;,
  -0.071955;0.408131;0.012158;,
  -0.072434;0.413981;0.010865;,
  -0.082758;0.415316;-0.020235;,
  -0.083439;0.416796;-0.007663;,
  -0.072333;0.412911;0.004740;,
  -0.084033;0.413084;0.009754;,
  -0.083561;0.404271;0.011060;,
  -0.083132;0.440366;-0.044544;,
  -0.083390;0.437149;-0.034900;,
  0.038895;0.432986;0.096396;,
  -0.083435;0.409461;0.001704;,
  0.016417;0.410117;0.104656;,
  0.012206;0.395160;0.096027;,
  -0.004151;0.378002;0.078456;,
  -0.041617;0.523861;0.030511;,
  0.094638;0.218786;-0.014455;,
  0.030137;0.189957;-0.021414;,
  0.045339;0.115567;-0.009022;,
  0.090191;0.146334;0.000433;,
  0.093853;0.293167;-0.017036;,
  0.027362;0.272389;-0.010824;,
  0.076208;0.293696;0.096629;,
  0.008405;0.265398;0.086734;,
  0.052812;0.257209;0.191709;,
  -0.002638;0.262956;0.174239;,
  0.023129;0.225240;0.191731;,
  0.051106;0.044104;-0.002836;,
  0.084061;0.069643;0.018973;,
  0.048134;0.145383;0.100522;,
  0.051991;0.078915;0.115566;,
  0.043706;0.007123;0.304923;,
  0.016972;0.043235;0.257334;,
  -0.010175;0.069826;0.209984;,
  0.043902;0.230309;0.068640;,
  -0.034868;0.079395;0.185183;,
  0.056593;0.238903;0.016193;,
  0.040129;0.178505;0.070615;,
  -0.005751;0.128345;0.223164;,
  0.027745;0.169546;0.313857;,
  0.016417;0.410117;0.104656;,
  -0.135989;0.413622;0.151141;,
  -0.135486;0.399635;0.166641;,
  -0.109254;0.407563;0.129469;,
  -0.110186;0.437838;0.113664;,
  -0.139458;0.395259;0.177016;,
  -0.125921;0.383775;0.207245;,
  -0.108573;0.356923;0.171926;,
  -0.110093;0.375737;0.146934;,
  -0.103436;0.479731;0.117158;,
  -0.095917;0.492871;0.155693;,
  -0.120720;0.487175;0.176701;,
  -0.127470;0.464375;0.161468;,
  -0.064483;0.278665;0.308199;,
  -0.058708;0.292041;0.301573;,
  -0.019269;0.292735;0.308221;,
  -0.016998;0.275641;0.315846;,
  -0.075202;0.284414;0.249802;,
  -0.079770;0.260604;0.272010;,
  -0.061073;0.275274;0.212220;,
  -0.074928;0.236584;0.240482;,
  -0.053140;0.225240;0.221973;,
  0.020184;0.290421;0.291491;,
  0.022093;0.271364;0.300415;,
  -0.039974;0.411512;0.262078;,
  -0.055805;0.450241;0.238807;,
  -0.006677;0.447093;0.209847;,
  0.004882;0.411318;0.235633;,
  -0.067142;0.198871;0.217095;,
  -0.097640;0.200549;0.256986;,
  -0.146989;0.121855;0.218502;,
  -0.110712;0.117314;0.188189;,
  -0.174600;0.032389;0.204926;,
  -0.154274;0.011590;0.183258;,
  -0.022708;0.178961;0.230711;,
  -0.067269;0.092210;0.208185;,
  -0.074553;0.073736;0.281513;,
  -0.013842;0.149127;0.308920;,
  -0.123254;0.009371;0.197806;,
  -0.119701;0.021416;0.214670;,
  -0.148053;0.105188;0.281083;,
  -0.090551;0.170641;0.311273;,
  -0.156766;0.038053;0.218175;,
  -0.102736;0.118142;0.453145;,
  -0.102600;0.160028;0.435533;,
  -0.068973;0.160266;0.426356;,
  -0.059089;0.115293;0.442576;,
  -0.144325;0.016381;0.254528;,
  -0.162756;0.054586;0.250561;,
  -0.141024;0.074115;0.319324;,
  -0.124697;0.036695;0.323034;,
  -0.114277;0.091951;0.391658;,
  -0.101504;0.060953;0.397022;,
  -0.094273;0.025436;0.258677;,
  -0.088691;0.047724;0.313517;,
  -0.074004;0.081567;0.291767;,
  -0.080934;0.069581;0.227370;,
  -0.079238;0.087431;0.391156;,
  -0.081797;0.101419;0.368504;,
  -0.130146;0.106358;0.301221;,
  -0.147911;0.096762;0.229461;,
  -0.105360;0.106092;0.368205;,
  -0.082812;0.232167;0.280895;,
  -0.022708;0.178961;0.230711;,
  -0.008932;0.230989;0.336188;,
  -0.064308;0.230652;0.332265;,
  -0.023686;0.178831;0.332360;,
  -0.075766;0.181893;0.322356;,
  -0.026947;0.361684;0.283501;,
  -0.073685;0.401441;0.269478;,
  -0.092301;0.395412;0.262791;,
  -0.065482;0.350769;0.282111;,
  -0.081483;0.327120;0.242473;,
  -0.111521;0.364572;0.225145;,
  -0.073597;0.308182;0.212398;,
  -0.097949;0.338782;0.186035;,
  -0.167086;0.394713;0.177411;,
  -0.182181;0.350240;0.196365;,
  -0.113672;0.394427;0.170894;,
  -0.184262;0.307797;0.219604;,
  -0.137195;0.298094;0.212734;,
  -0.124562;0.336309;0.187657;,
  -0.102261;0.399431;0.230532;,
  -0.124562;0.336309;0.187657;,
  -0.110953;0.353047;0.250108;,
  -0.137195;0.298094;0.212734;,
  -0.129420;0.293472;0.260786;,
  -0.108616;0.404049;0.238699;,
  -0.168611;0.367303;0.258824;,
  -0.153010;0.410547;0.239859;,
  -0.176374;0.302945;0.267669;,
  -0.168191;0.404474;0.205689;,
  -0.190689;0.306227;0.203227;,
  -0.191825;0.262030;0.163043;,
  -0.157266;0.252346;0.155335;,
  -0.135376;0.294131;0.193504;,
  -0.194350;0.222517;0.131808;,
  -0.167655;0.220301;0.132885;,
  -0.135376;0.294131;0.193504;,
  -0.157266;0.252346;0.155335;,
  -0.164883;0.218409;0.200769;,
  -0.134408;0.255601;0.243605;,
  -0.167655;0.220301;0.132885;,
  -0.178689;0.197399;0.162732;,
  -0.191305;0.226278;0.206605;,
  -0.189395;0.267731;0.253295;,
  -0.195265;0.197661;0.160126;,
  -0.143657;0.119063;0.069071;,
  -0.166267;0.109810;0.110037;,
  -0.163252;0.127688;0.121971;,
  -0.140395;0.137432;0.080724;,
  -0.143337;0.163993;0.097488;,
  -0.141874;0.162638;0.085994;,
  -0.151881;0.152142;0.089301;,
  -0.148344;0.154164;0.099522;,
  -0.169702;0.170398;0.150328;,
  -0.152802;0.196782;0.111724;,
  -0.169752;0.175412;0.090162;,
  -0.179079;0.141084;0.129146;,
  -0.196072;0.137039;0.119505;,
  -0.205823;0.176137;0.140642;,
  -0.189135;0.204626;0.100493;,
  -0.187456;0.170684;0.082372;,
  -0.146320;0.459750;0.187570;,
  -0.163362;0.437568;0.177108;,
  -0.136215;0.441868;0.150022;,
  -0.127470;0.464375;0.161468;,
  -0.094686;0.443620;0.248608;,
  -0.119459;0.456061;0.115237;,
  -0.158277;0.411917;0.172260;,
  -0.141436;0.401714;0.181284;,
  -0.135486;0.399635;0.166641;,
  -0.135989;0.413622;0.151141;,
  -0.116902;0.466413;0.217648;,
  -0.122174;0.465729;0.214879;,
  -0.075291;0.474854;0.205559;,
  -0.025261;0.468377;0.176690;,
  -0.058917;0.480983;0.128574;,
  -0.120720;0.487175;0.176701;,
  -0.122174;0.465729;0.214879;,
  -0.121875;0.411297;0.195860;,
  -0.113672;0.394427;0.170894;,
  -0.120950;0.452066;0.216624;,
  -0.117152;0.391666;0.215708;,
  -0.109112;0.418927;0.235327;,
  -0.139458;0.395259;0.177016;,
  -0.107671;0.432556;0.244770;,
  -0.152802;0.196782;0.111724;,
  -0.123077;0.463368;0.070150;,
  -0.112745;0.482616;0.077040;,
  -0.086607;0.489783;0.077072;,
  -0.078800;0.481464;0.101337;,
  -0.187456;0.170684;0.082372;,
  -0.143657;0.119063;0.069071;,
  -0.166267;0.109810;0.110037;,
  -0.153185;0.175926;0.076396;,
  -0.149615;0.182573;0.101176;,
  -0.149615;0.182573;0.101176;,
  -0.160411;0.168422;0.101318;,
  -0.172894;0.166287;0.080215;,
  -0.172894;0.166287;0.080215;,
  -0.141874;0.162638;0.085994;,
  -0.143337;0.163993;0.097488;,
  -0.151881;0.152142;0.089301;,
  -0.106434;0.038816;0.463421;,
  -0.105889;0.040284;0.486840;,
  -0.067626;0.005549;0.491204;,
  -0.071532;0.005232;0.471609;,
  -0.072351;0.137803;0.399388;,
  -0.063521;0.103522;0.420829;,
  -0.059089;0.115293;0.442576;,
  -0.068973;0.160266;0.426356;,
  -0.081797;0.101419;0.368504;,
  -0.113139;0.136170;0.407675;,
  -0.105360;0.106092;0.368205;,
  -0.102736;0.118142;0.453145;,
  -0.112014;0.102653;0.423100;,
  -0.102600;0.160028;0.435533;,
  -0.101504;0.060953;0.397022;,
  -0.114277;0.091951;0.391658;,
  -0.045280;0.016056;0.463363;,
  -0.034916;0.015224;0.478300;,
  -0.034916;0.015224;0.478300;,
  -0.105889;0.040284;0.486840;,
  -0.067269;0.092210;0.208185;,
  -0.123254;0.009371;0.197806;,
  -0.094273;0.025436;0.258677;,
  -0.088691;0.047724;0.313517;,
  -0.079238;0.087431;0.391156;,
  -0.079238;0.087431;0.391156;,
  -0.134323;0.446708;0.052485;,
  -0.116214;0.446044;0.065087;,
  -0.115465;0.427732;0.049574;,
  -0.124268;0.430248;0.043076;,
  -0.128517;0.477415;0.053666;,
  -0.122230;0.499864;0.059916;,
  -0.107605;0.529527;-0.058662;,
  -0.088003;0.533748;-0.061185;,
  -0.117970;0.449768;-0.039175;,
  -0.100550;0.445067;-0.041860;,
  -0.115039;0.474590;-0.055241;,
  -0.129945;0.440496;0.025210;,
  -0.140019;0.467188;0.033642;,
  -0.133477;0.460866;0.049708;,
  -0.142583;0.502935;0.018168;,
  -0.141382;0.492393;-0.003956;,
  -0.135118;0.469631;-0.017563;,
  -0.129677;0.490674;-0.050559;,
  -0.140345;0.511782;-0.035703;,
  -0.141230;0.517830;0.025827;,
  -0.132005;0.539241;0.033222;,
  -0.093860;0.550703;0.041543;,
  -0.124994;0.560541;-0.009785;,
  -0.093022;0.571552;-0.003116;,
  -0.135595;0.455717;0.000373;,
  -0.119527;0.424323;0.024059;,
  -0.119406;0.435573;-0.010090;,
  -0.104054;0.400388;0.035918;,
  -0.111297;0.494073;-0.064114;,
  -0.127224;0.521985;-0.051481;,
  -0.124537;0.548920;-0.038918;,
  -0.138644;0.543547;-0.020643;,
  -0.107859;0.558371;-0.038195;,
  -0.090861;0.562630;-0.037594;,
  -0.092840;0.516946;0.063307;,
  -0.138644;0.543547;-0.020643;,
  -0.124537;0.548920;-0.038918;,
  -0.146218;0.468078;0.030882;,
  -0.145090;0.489669;0.012972;,
  -0.152633;0.505148;0.001728;,
  -0.158239;0.498764;0.021256;,
  -0.146218;0.468078;0.030882;,
  -0.158239;0.498764;0.021256;,
  -0.152633;0.505148;0.001728;,
  -0.141382;0.492393;-0.003956;,
  -0.141291;0.471557;0.010159;,
  -0.140019;0.467188;0.033642;,
  -0.119193;0.449996;-0.027040;,
  -0.141291;0.471557;0.010159;,
  -0.123077;0.463368;0.070150;,
  -0.119459;0.456061;0.115237;,
  -0.136215;0.441868;0.150022;,
  -0.128517;0.477415;0.053666;,
  0.030117;0.228345;0.320652;,
  0.029864;0.194050;0.320014;,
  0.026357;0.174491;0.302786;,
  0.005717;0.174286;0.259114;,
  -0.107859;0.558371;-0.038195;,
  -0.090861;0.562630;-0.037594;,
  -0.104384;0.416901;0.008514;,
  -0.096561;0.420438;-0.005740;,
  -0.096426;0.426932;-0.012884;,
  -0.099145;0.446351;-0.028981;,
  0.014726;0.360056;0.260996;,
  -0.136215;0.441868;0.150022;,
  -0.067626;0.005549;0.491204;,
  -0.095599;0.406699;0.011046;,
  -0.103783;0.412816;0.013679;,
  -0.095709;0.412572;0.009771;,
  -0.095107;0.411532;0.003669;,
  -0.120950;0.452066;0.216624;,
  -0.112514;0.425729;0.199981;,
  -0.121875;0.411297;0.195860;,
  -0.139458;0.395259;0.177016;,
  -0.141230;0.517830;0.025827;,
  -0.081134;0.057000;0.130367;,
  -0.072625;0.030086;0.171298;,
  -0.013419;0.073504;0.048148;,
  -0.023669;0.135631;0.032168;,
  -0.083715;0.078122;0.089482;,
  -0.032018;0.186295;0.026378;,
  -0.049542;0.141888;0.135975;,
  -0.022512;0.202820;0.096563;,
  -0.026763;0.197669;0.183464;,
  -0.019840;0.226212;0.169515;,
  -0.019182;0.216755;0.196320;,
  -0.053140;0.225240;0.221973;,
  -0.060006;0.001665;0.207507;,
  -0.005005;0.019731;0.058710;,
  -0.035200;0.104568;0.359738;,
  -0.105347;0.106090;0.368202;,
  -0.130146;0.106358;0.301221;,
  -0.057480;0.092358;0.291737;,
  -0.147911;0.096762;0.229461;,
  -0.082158;0.086875;0.227651;,
  -0.107670;0.028428;0.225708;,
  -0.156766;0.038053;0.218175;,
  -0.148053;0.105188;0.281083;,
  -0.073701;0.068270;0.298118;,
  0.029864;0.194050;0.320014;,
  -0.023686;0.178831;0.332360;,
  -0.112514;0.425729;0.199981;,
  -0.067142;0.198871;0.217095;,
  -0.110712;0.117314;0.188189;,
  -0.154274;0.011590;0.183258;,
  -0.144325;0.016381;0.254528;,
  -0.124697;0.036695;0.323034;,
  -0.101504;0.060953;0.397022;,
  0.095924;0.183383;0.191964;,
  0.118925;0.203011;0.085583;,
  0.061458;0.179409;0.259656;,
  0.105504;0.253699;0.013983;,
  0.113121;0.236296;0.065882;,
  0.108450;0.161988;0.069570;,
  0.093877;0.089908;0.068208;,
  -0.090551;0.170641;0.311273;;
  916;
  3;0,2,1;,
  3;2,0,3;,
  3;4,6,5;,
  3;6,4,7;,
  3;8,10,9;,
  3;10,8,11;,
  3;12,14,13;,
  3;14,12,15;,
  3;16,12,17;,
  3;12,16,15;,
  3;18,20,19;,
  3;20,18,16;,
  3;5,22,21;,
  3;22,5,6;,
  3;13,24,23;,
  3;24,13,14;,
  3;25,27,26;,
  3;27,25,28;,
  3;29,31,30;,
  3;31,29,32;,
  3;31,33,30;,
  3;33,31,34;,
  3;35,37,36;,
  3;37,35,38;,
  3;38,39,37;,
  3;39,38,40;,
  3;36,42,41;,
  3;42,36,37;,
  3;37,43,42;,
  3;43,37,39;,
  3;41,31,32;,
  3;31,41,42;,
  3;42,34,31;,
  3;34,42,43;,
  3;44,46,45;,
  3;46,44,47;,
  3;48,50,49;,
  3;50,48,51;,
  3;49,53,52;,
  3;53,49,50;,
  3;54,56,55;,
  3;56,54,57;,
  3;57,58,56;,
  3;58,57,59;,
  3;55,61,60;,
  3;61,55,56;,
  3;56,62,61;,
  3;62,56,58;,
  3;60,50,51;,
  3;50,60,61;,
  3;61,53,50;,
  3;53,61,62;,
  3;32,20,63;,
  3;20,32,29;,
  3;64,66,65;,
  3;66,64,19;,
  3;13,67,12;,
  3;67,13,68;,
  3;68,69,67;,
  3;69,68,70;,
  3;70,41,69;,
  3;41,70,36;,
  3;48,34,51;,
  3;34,48,33;,
  3;51,43,60;,
  3;43,51,34;,
  3;43,55,60;,
  3;55,43,39;,
  3;39,54,55;,
  3;54,39,40;,
  3;12,63,17;,
  3;63,12,67;,
  3;67,32,63;,
  3;32,67,69;,
  3;69,41,32;,
  3;71,72,25;,
  3;73,75,74;,
  3;75,73,76;,
  3;75,77,74;,
  3;77,75,78;,
  3;79,78,80;,
  3;78,79,77;,
  3;81,83,82;,
  3;83,85,84;,
  3;85,83,86;,
  3;87,89,88;,
  3;89,90,88;,
  3;90,89,91;,
  3;92,94,93;,
  3;92,88,94;,
  3;92,87,88;,
  3;88,95,94;,
  3;95,88,90;,
  3;96,94,83;,
  3;94,86,83;,
  3;86,94,95;,
  3;97,99,98;,
  3;99,97,100;,
  3;100,101,99;,
  3;101,100,102;,
  3;103,105,104;,
  3;105,103,106;,
  3;106,107,105;,
  3;107,106,108;,
  3;104,110,109;,
  3;110,104,105;,
  3;105,111,110;,
  3;111,105,107;,
  3;109,100,97;,
  3;100,109,110;,
  3;110,102,100;,
  3;102,110,111;,
  3;112,114,113;,
  3;114,112,115;,
  3;116,118,117;,
  3;118,116,119;,
  3;120,122,121;,
  3;122,120,123;,
  3;120,125,124;,
  3;125,120,121;,
  3;126,125,127;,
  3;125,126,124;,
  3;95,97,86;,
  3;97,95,109;,
  3;86,98,85;,
  3;98,86,97;,
  3;90,103,104;,
  3;103,90,91;,
  3;104,95,90;,
  3;95,104,109;,
  3;128,96,129;,
  3;96,128,93;,
  3;129,130,128;,
  3;130,129,131;,
  3;72,28,25;,
  3;28,72,132;,
  3;9,133,8;,
  3;134,136,135;,
  3;136,134,137;,
  3;81,137,134;,
  3;138,11,139;,
  3;138,10,11;,
  3;138,140,10;,
  3;141,11,142;,
  3;11,141,139;,
  3;128,130,143;,
  3;93,144,92;,
  3;93,143,144;,
  3;93,128,143;,
  3;145,87,146;,
  3;87,145,147;,
  3;74,148,73;,
  3;148,74,149;,
  3;150,147,145;,
  3;7,149,74;,
  3;148,151,73;,
  3;102,152,101;,
  3;152,102,126;,
  3;102,124,126;,
  3;124,102,111;,
  3;111,120,124;,
  3;120,111,107;,
  3;120,108,123;,
  3;108,120,107;,
  3;8,154,153;,
  3;154,8,133;,
  3;153,155,8;,
  3;155,153,156;,
  3;121,113,114;,
  3;113,121,122;,
  3;122,112,113;,
  3;112,122,157;,
  3;158,125,159;,
  3;125,158,127;,
  3;159,121,114;,
  3;121,159,125;,
  3;126,160,152;,
  3;160,126,161;,
  3;162,122,123;,
  3;122,162,163;,
  3;122,164,157;,
  3;164,122,163;,
  3;165,126,127;,
  3;126,165,161;,
  3;161,166,160;,
  3;166,161,167;,
  3;162,117,163;,
  3;117,162,116;,
  3;163,118,164;,
  3;118,163,117;,
  3;165,167,161;,
  3;167,165,168;,
  3;169,171,170;,
  3;171,169,172;,
  3;173,175,174;,
  3;175,173,176;,
  3;177,179,178;,
  3;179,177,173;,
  3;180,179,181;,
  3;179,180,182;,
  3;183,169,170;,
  3;169,183,184;,
  3;175,186,185;,
  3;186,175,176;,
  3;45,187,44;,
  3;187,45,188;,
  3;180,169,182;,
  3;169,180,172;,
  3;19,29,66;,
  3;20,29,19;,
  3;29,30,189;,
  3;30,190,189;,
  3;190,30,33;,
  3;33,191,190;,
  3;191,33,48;,
  3;191,49,192;,
  3;49,191,48;,
  3;192,52,193;,
  3;52,192,49;,
  3;194,170,186;,
  3;170,194,183;,
  3;170,185,186;,
  3;185,170,171;,
  3;186,176,194;,
  3;194,173,177;,
  3;173,194,176;,
  3;179,174,181;,
  3;174,179,173;,
  3;178,182,184;,
  3;182,178,179;,
  3;182,169,184;,
  3;16,17,20;,
  3;17,63,20;,
  3;66,195,65;,
  3;196,198,197;,
  3;198,196,199;,
  3;200,153,154;,
  3;153,200,201;,
  3;202,204,203;,
  3;205,207,206;,
  3;196,209,208;,
  3;209,196,197;,
  3;210,208,211;,
  3;208,210,196;,
  3;212,214,213;,
  3;214,212,215;,
  3;212,213,211;,
  3;201,217,216;,
  3;217,201,200;,
  3;218,220,219;,
  3;220,218,216;,
  3;210,199,196;,
  3;214,205,206;,
  3;221,223,222;,
  3;197,198,224;,
  3;224,226,225;,
  3;226,224,198;,
  3;227,214,206;,
  3;228,229,213;,
  3;229,228,230;,
  3;219,232,231;,
  3;214,228,213;,
  3;156,201,233;,
  3;201,156,153;,
  3;233,216,218;,
  3;216,233,201;,
  3;220,216,234;,
  3;235,220,234;,
  3;236,238,237;,
  3;238,236,239;,
  3;208,240,211;,
  3;240,208,241;,
  3;211,242,212;,
  3;242,211,240;,
  3;243,239,244;,
  3;239,243,238;,
  3;244,236,245;,
  3;236,244,239;,
  3;246,221,222;,
  3;221,246,215;,
  3;221,212,247;,
  3;212,221,215;,
  3;199,248,1;,
  3;248,199,249;,
  3;133,9,250;,
  3;249,210,251;,
  3;210,249,199;,
  3;210,211,251;,
  3;252,2,253;,
  3;2,252,1;,
  3;19,254,18;,
  3;254,19,64;,
  3;23,68,13;,
  3;68,23,255;,
  3;68,256,70;,
  3;256,68,255;,
  3;256,36,70;,
  3;36,256,257;,
  3;258,1,252;,
  3;1,258,199;,
  3;257,259,36;,
  3;36,259,35;,
  3;260,203,261;,
  3;203,260,202;,
  3;262,263,222;,
  3;263,262,264;,
  3;198,258,226;,
  3;258,198,199;,
  3;265,204,227;,
  3;265,206,266;,
  3;206,265,227;,
  3;222,267,246;,
  3;267,222,263;,
  3;89,87,147;,
  3;82,83,84;,
  3;78,16,18;,
  3;16,78,75;,
  3;75,15,16;,
  3;15,75,76;,
  3;15,71,14;,
  3;71,15,76;,
  3;14,268,24;,
  3;268,14,71;,
  3;248,269,1;,
  3;1,269,0;,
  3;135,129,134;,
  3;129,135,131;,
  3;134,96,81;,
  3;96,134,129;,
  3;96,83,81;,
  3;94,96,93;,
  3;29,189,66;,
  3;205,215,246;,
  3;267,205,246;,
  3;205,267,207;,
  3;205,214,215;,
  3;187,188,270;,
  3;224,272,271;,
  3;223,221,209;,
  3;224,223,197;,
  3;271,273,262;,
  3;273,271,272;,
  3;263,275,274;,
  3;273,276,262;,
  3;277,272,278;,
  3;272,277,273;,
  3;223,271,262;,
  3;271,223,224;,
  3;223,209,197;,
  3;208,221,247;,
  3;221,208,209;,
  3;222,223,262;,
  3;266,207,279;,
  3;207,266,206;,
  3;207,280,279;,
  3;280,207,267;,
  3;280,263,274;,
  3;263,280,267;,
  3;264,262,276;,
  3;76,73,72;,
  3;138,281,140;,
  3;73,132,72;,
  3;132,73,151;,
  3;72,71,76;,
  3;272,225,278;,
  3;155,11,8;,
  3;276,277,282;,
  3;277,276,273;,
  3;275,276,282;,
  3;276,275,264;,
  3;28,141,27;,
  3;141,28,139;,
  3;139,132,138;,
  3;132,139,28;,
  3;132,281,138;,
  3;281,132,151;,
  3;281,148,283;,
  3;148,281,151;,
  3;283,149,284;,
  3;149,283,148;,
  3;7,284,149;,
  3;284,7,4;,
  3;6,79,22;,
  3;79,6,77;,
  3;77,7,74;,
  3;7,77,6;,
  3;5,3,4;,
  3;3,5,2;,
  3;285,137,82;,
  3;137,285,136;,
  3;137,81,82;,
  3;92,146,87;,
  3;146,92,144;,
  3;2,21,253;,
  3;21,2,5;,
  3;286,213,229;,
  3;251,211,286;,
  3;213,286,211;,
  3;234,216,217;,
  3;227,202,228;,
  3;202,230,228;,
  3;230,202,260;,
  3;232,220,235;,
  3;228,214,227;,
  3;26,71,25;,
  3;71,26,268;,
  3;155,142,11;,
  3;18,80,78;,
  3;80,18,254;,
  3;272,224,225;,
  3;275,263,264;,
  3;202,227,204;,
  3;232,219,220;,
  3;287,289,288;,
  3;289,287,290;,
  3;291,288,292;,
  3;288,291,287;,
  3;293,292,294;,
  3;292,293,291;,
  3;295,294,296;,
  3;294,295,293;,
  3;296,297,295;,
  3;298,290,299;,
  3;290,298,289;,
  3;300,302,301;,
  3;302,300,303;,
  3;304,300,305;,
  3;300,304,303;,
  3;306,305,307;,
  3;305,306,304;,
  3;308,306,307;,
  3;306,308,309;,
  3;308,310,309;,
  3;145,146,311;,
  3;312,314,313;,
  3;314,312,315;,
  3;316,318,317;,
  3;318,316,319;,
  3;320,322,321;,
  3;322,320,323;,
  3;324,326,325;,
  3;326,324,327;,
  3;328,324,325;,
  3;324,328,329;,
  3;330,331,328;,
  3;331,330,332;,
  3;319,22,318;,
  3;22,319,21;,
  3;327,333,326;,
  3;333,327,334;,
  3;335,337,336;,
  3;337,335,338;,
  3;339,341,340;,
  3;341,339,342;,
  3;341,344,343;,
  3;344,341,342;,
  3;345,347,346;,
  3;347,345,348;,
  3;346,350,349;,
  3;350,346,347;,
  3;348,351,347;,
  3;351,348,352;,
  3;347,353,350;,
  3;353,347,351;,
  3;352,341,351;,
  3;341,352,340;,
  3;351,343,353;,
  3;343,351,341;,
  3;354,356,355;,
  3;356,354,357;,
  3;358,360,359;,
  3;360,358,361;,
  3;361,362,360;,
  3;362,361,363;,
  3;364,366,365;,
  3;366,364,367;,
  3;365,369,368;,
  3;369,365,366;,
  3;367,370,366;,
  3;370,367,371;,
  3;366,372,369;,
  3;372,366,370;,
  3;371,360,370;,
  3;360,371,359;,
