xof 0303txt 0032
template XSkinMeshHeader {
 <3cf169ce-ff7c-44ab-93c0-f78f62d172e2>
 WORD nMaxSkinWeightsPerVertex;
 WORD nMaxSkinWeightsPerFace;
 WORD nBones;
}

template VertexDuplicationIndices {
 <b8d65549-d7c9-4995-89cf-53a9a8b031e3>
 DWORD nIndices;
 DWORD nOriginalVertices;
 array DWORD indices[nIndices];
}

template SkinWeights {
 <6f0d123b-bad2-4167-a0d0-80224f25fabb>
 STRING transformNodeName;
 DWORD nWeights;
 array DWORD vertexIndices[nWeights];
 array FLOAT weights[nWeights];
 Matrix4x4 matrixOffset;
}

template AnimTicksPerSecond {
 <9e415a43-7ba6-4a73-8743-b73d47e88476>
 DWORD AnimTicksPerSecond;
}

template VertexElement {
 <f752461c-1e23-48f6-b9f8-8350850f336f>
 DWORD Type;
 DWORD Method;
 DWORD Usage;
 DWORD UsageIndex;
}

template DeclData {
 <bf22e553-292c-4781-9fea-62bd554bdd93>
 DWORD nElements;
 array VertexElement Elements[nElements];
 DWORD nDWords;
 array DWORD data[nDWords];
}


AnimTicksPerSecond {
 4800;
}

Frame Dummy01 {
 

 FrameTransformMatrix {
  1.000000,0.000000,0.000000,0.000000,0.000000,-0.000000,-1.000000,0.000000,0.000000,1.000000,-0.000000,0.000000,0.000000,0.000000,0.000000,1.000000;;
 }

 Frame Bip01 {
  

  FrameTransformMatrix {
   0.484444,0.819615,-0.305852,0.000000,0.122471,0.282633,0.951378,0.000000,0.866207,-0.498347,0.036540,0.000000,0.000000,-0.050407,0.508268,1.000000;;
  }

  Frame Bip01_Pelvis {
   

   FrameTransformMatrix {
    -0.000000,1.000000,-0.000001,0.000000,0.087154,0.000001,0.996195,0.000000,0.996195,-0.000000,-0.087154,0.000000,0.000000,0.000000,0.000000,1.000000;;
   }

   Frame Bip01_Spine {
    

    FrameTransformMatrix {
     0.998192,-0.005238,-0.059886,0.000000,-0.000001,0.996195,-0.087152,0.000000,0.060114,0.086994,0.994393,0.000000,0.051628,-0.000007,-0.000084,1.000000;;
    }

    Frame Bip01_Spine1 {
     

     FrameTransformMatrix {
      0.944325,-0.155507,0.289944,0.000000,0.115540,0.981865,0.150304,0.000000,-0.308059,-0.108436,0.945167,0.000000,0.106506,0.000009,-0.000080,1.000000;;
     }

     Frame Bip01_Neck {
      

      FrameTransformMatrix {
       1.000000,-0.000342,-0.000077,0.000000,0.000341,0.903366,0.428870,0.000000,-0.000077,-0.428870,0.903366,0.000000,0.130504,0.000012,0.004628,1.000000;;
      }

      Frame Bip01_Head {
       

       FrameTransformMatrix {
        0.716965,-0.041548,0.695869,0.000000,0.155695,0.982551,-0.101751,0.000000,-0.679499,0.181295,0.710924,0.000000,0.033674,0.000000,0.000000,1.000000;;
       }

       Frame Bip01_HeadNub {
        

        FrameTransformMatrix {
         1.000000,0.000000,0.000000,0.000000,0.000000,1.000000,0.000000,0.000000,-0.000000,0.000000,1.000000,0.000000,0.169824,0.000000,-0.000000,1.000000;;
        }
       }
      }

      Frame Bip01_L_Clavicle {
       

       FrameTransformMatrix {
        -0.000342,0.903365,-0.428872,0.000000,1.000000,0.000000,-0.000796,0.000000,-0.000719,-0.428873,-0.903365,0.000000,-0.024030,0.012193,-0.010913,1.000000;;
       }

       Frame Bip01_L_UpperArm {
        

        FrameTransformMatrix {
         0.255479,-0.912319,-0.320008,0.000000,0.628607,0.408225,-0.661971,0.000000,0.734563,-0.032040,0.677783,0.000000,0.087086,0.000000,-0.000000,1.000000;;
        }

        Frame Bip01_L_Forearm {
         

         FrameTransformMatrix {
          0.823668,0.000000,-0.567072,0.000000,-0.000000,1.000000,0.000000,0.000000,0.567072,-0.000000,0.823668,0.000000,0.137062,0.000000,0.000000,1.000000;;
         }

         Frame Bip01_L_Hand {
          

          FrameTransformMatrix {
           0.971486,-0.212704,0.104747,0.000000,-0.102153,0.023181,0.994499,0.000000,-0.213962,-0.976842,0.000792,0.000000,0.137062,0.000000,-0.000000,1.000000;;
          }

          Frame Bip01_L_Finger0 {
           

           FrameTransformMatrix {
            0.556874,-0.020367,0.830347,0.000000,0.558537,0.749101,-0.356210,0.000000,-0.614759,0.662144,0.428531,0.000000,0.057681,-0.023605,-0.000272,1.000000;;
           }

           Frame Bip01_L_Finger0Nub {
            

            FrameTransformMatrix {
             1.000000,0.000000,0.000000,0.000000,0.000000,1.000000,0.000000,0.000000,0.000000,0.000000,1.000000,0.000000,0.029435,0.000000,-0.000000,1.000000;;
            }
           }
          }

          Frame Bip01_L_Finger1 {
           

           FrameTransformMatrix {
            -0.342274,-0.000748,0.939600,0.000000,0.000000,1.000000,0.000796,0.000000,-0.939600,0.000273,-0.342274,0.000000,0.084102,0.000000,0.000000,1.000000;;
           }

           Frame Bip01_L_Finger1Nub {
            

            FrameTransformMatrix {
             1.000000,-0.000000,-0.000000,0.000000,-0.000000,1.000000,0.000000,0.000000,0.000000,0.000000,1.000000,0.000000,0.047988,-0.000000,0.000000,1.000000;;
            }
           }
          }
         }
        }
       }
      }

      Frame Bip01_R_Clavicle {
       

       FrameTransformMatrix {
        0.000341,-0.903365,0.428872,0.000000,-1.000000,0.000000,0.000796,0.000000,-0.000719,-0.428873,-0.903365,0.000000,-0.024019,-0.016199,0.002566,1.000000;;
       }

       Frame Bip01_R_UpperArm {
        

        FrameTransformMatrix {
         0.313047,0.948166,-0.054615,0.000000,-0.871946,0.309724,0.379185,0.000000,0.376446,-0.071082,0.923708,0.000000,0.087086,-0.000000,0.000000,1.000000;;
        }

        Frame Bip01_R_Forearm {
         

         FrameTransformMatrix {
          0.811989,0.000000,-0.583672,0.000000,0.000000,1.000000,-0.000000,0.000000,0.583672,-0.000000,0.811989,0.000000,0.137062,0.000000,0.000000,1.000000;;
         }

         Frame Bip01_R_Hand {
          

          FrameTransformMatrix {
           0.876605,0.385158,-0.288474,0.000000,-0.438815,0.393779,-0.807700,0.000000,-0.197497,0.834621,0.514202,0.000000,0.137062,-0.000000,0.000000,1.000000;;
          }

          Frame Bip01_R_Finger0 {
           

           FrameTransformMatrix {
            0.556874,0.020367,0.830347,0.000000,-0.558537,0.749101,0.356210,0.000000,-0.614759,-0.662144,0.428531,0.000000,0.057681,0.023605,-0.000272,1.000000;;
           }

           Frame Bip01_R_Finger0Nub {
            

            FrameTransformMatrix {
             -1.000000,-0.000000,0.000000,0.000000,0.000000,1.000000,-0.000000,0.000000,0.000000,0.000000,-1.000000,0.000000,0.029435,0.000000,0.000000,1.000000;;
            }
           }
          }

          Frame Bip01_R_Finger1 {
           

           FrameTransformMatrix {
            -0.342274,0.000748,0.939600,0.000000,-0.000000,1.000000,-0.000796,0.000000,-0.939600,-0.000273,-0.342274,0.000000,0.084102,-0.000000,0.000000,1.000000;;
           }

           Frame Bip01_R_Finger1Nub {
            

            FrameTransformMatrix {
             -1.000000,-0.000000,0.000000,0.000000,-0.000000,1.000000,-0.000000,0.000000,0.000000,0.000000,-1.000000,0.000000,0.047988,0.000000,0.000000,1.000000;;
            }
           }
          }
         }
        }
       }
      }
     }

     Frame Bip01_BackPack {
      

      FrameTransformMatrix {
       0.035097,-0.075887,-0.996499,0.000000,0.053819,0.995809,-0.073939,0.000000,0.997934,-0.051036,0.039035,0.000000,0.051182,0.000002,-0.091273,1.000000;;
      }

      Frame Bip01_BackPackNub {
       

       FrameTransformMatrix {
        0.000796,0.000003,1.000000,0.000000,0.000000,-1.000000,0.000003,0.000000,1.000000,0.000000,-0.000796,0.000000,0.053240,-0.000000,0.000000,1.000000;;
       }
      }
     }
    }

    Frame Bip01_L_Thigh {
     

     FrameTransformMatrix {
      -0.901014,0.078753,0.426582,0.000000,-0.142538,-0.982528,-0.119676,0.000000,0.409704,-0.168634,0.896496,0.000000,-0.051829,0.055015,0.001785,1.000000;;
     }

     Frame Bip01_L_Calf {
      

      FrameTransformMatrix {
       0.963716,-0.000000,-0.266930,0.000000,0.000000,1.000000,0.000000,0.000000,0.266930,-0.000000,0.963716,0.000000,0.237500,0.000000,0.000000,1.000000;;
      }

      Frame Bip01_L_Foot {
       

       FrameTransformMatrix {
        0.985544,0.146792,0.084584,0.000000,-0.159602,0.971922,0.172899,0.000000,-0.056829,-0.183899,0.981301,0.000000,0.206841,-0.000000,0.000000,1.000000;;
       }

       Frame Bip01_L_Toe0 {
        

        FrameTransformMatrix {
         -0.000001,0.000000,1.000000,0.000000,0.000000,1.000000,-0.000000,0.000000,-1.000000,0.000000,-0.000001,0.000000,0.065373,0.000000,0.066450,1.000000;;
        }

        Frame Bip01_L_Toe0Nub {
         

         FrameTransformMatrix {
          -1.000000,0.000000,-0.000000,0.000000,0.000000,1.000000,-0.000000,0.000000,0.000000,0.000000,-1.000000,0.000000,0.006735,0.000000,-0.000000,1.000000;;
         }
        }
       }
      }
     }
    }

    Frame Bip01_R_Thigh {
     

     FrameTransformMatrix {
      -0.875509,-0.110229,0.470461,0.000000,0.076522,-0.992975,-0.090249,0.000000,0.477104,-0.043013,0.877794,0.000000,-0.051251,-0.055015,-0.007823,1.000000;;
     }

     Frame Bip01_R_Calf {
      

      FrameTransformMatrix {
       0.926818,0.000000,-0.375511,0.000000,0.000000,1.000000,-0.000000,0.000000,0.375511,-0.000000,0.926818,0.000000,0.237500,-0.000000,0.000000,1.000000;;
      }

      Frame Bip01_R_Foot {
       

       FrameTransformMatrix {
        0.995185,-0.067408,0.071159,0.000000,0.004131,0.754179,0.656656,0.000000,-0.097931,-0.653200,0.750825,0.000000,0.206841,0.000000,0.000000,1.000000;;
       }

       Frame Bip01_R_Toe0 {
        

        FrameTransformMatrix {
         -0.087158,-0.000001,0.996194,0.000000,0.000001,1.000000,0.000001,0.000000,-0.996194,0.000001,-0.087158,0.000000,0.065373,0.000000,0.066450,1.000000;;
        }

        Frame Bip01_R_Toe0Nub {
         

         FrameTransformMatrix {
          1.000000,-0.000000,-0.000000,0.000000,-0.000000,1.000000,0.000000,0.000000,0.000000,0.000000,1.000000,0.000000,0.006735,-0.000000,-0.000000,1.000000;;
         }
        }
       }
      }
     }
    }
   }

   Frame Bip01_DressFront {
    

    FrameTransformMatrix {
     -0.830864,-0.008445,0.556411,0.000000,-0.032673,0.998900,-0.033627,0.000000,-0.555515,-0.046119,-0.830227,0.000000,-0.043921,0.001406,0.061063,1.000000;;
    }

    Frame Bip01_DressFront02 {
     

     FrameTransformMatrix {
      0.946511,0.081243,0.312276,0.000000,-0.077173,0.996694,-0.025393,0.000000,-0.313307,-0.000065,0.949652,0.000000,0.183366,0.000000,-0.000125,1.000000;;
     }

     Frame Bip01_DressFrontNub {
      

      FrameTransformMatrix {
       0.000796,0.000003,1.000000,0.000000,0.000000,-1.000000,0.000003,0.000000,1.000000,0.000000,-0.000796,0.000000,0.165302,0.000000,0.000000,1.000000;;
      }
     }
    }
   }

   Frame Bip01_DressBack {
    

    FrameTransformMatrix {
     -0.830379,0.045218,0.555361,0.000000,-0.011734,0.995061,-0.098565,0.000000,-0.557076,-0.088363,-0.825748,0.000000,-0.047654,0.000012,-0.078304,1.000000;;
    }

    Frame Bip01_DressBack02 {
     

     FrameTransformMatrix {
      0.961427,0.000001,0.275061,0.000000,-0.000001,1.000000,-0.000000,0.000000,-0.275061,-0.000000,0.961427,0.000000,0.176189,0.000000,-0.000105,1.000000;;
     }

     Frame Bip01_DressBackNub {
      

      FrameTransformMatrix {
       0.000796,0.000003,1.000000,0.000000,0.000000,-1.000000,0.000003,0.000000,1.000000,-0.000000,-0.000796,0.000000,0.136508,-0.000000,-0.000000,1.000000;;
      }
     }
    }
   }
  }

  Frame Bip01_Prop1 {
   

   FrameTransformMatrix {
    0.422404,-0.045727,-0.905253,0.000000,0.725946,-0.580963,0.368083,0.000000,-0.542750,-0.812645,-0.212206,0.000000,0.024908,-0.011984,-0.136265,1.000000;;
   }
  }

  Frame Bip01_Prop2 {
   

   FrameTransformMatrix {
    -0.073895,0.286878,0.955113,0.000000,0.997075,0.040017,0.065122,0.000000,-0.019538,0.957131,-0.288996,0.000000,0.109229,0.024051,0.111682,1.000000;;
   }
  }
 }
}

Frame Translation_Data {
 

 FrameTransformMatrix {
  1.000000,0.000000,0.000000,0.000000,0.000000,-0.000000,-1.000000,0.000000,0.000000,1.000000,-0.000000,0.000000,0.000000,-0.000000,0.000000,1.000000;;
 }
}

Frame Body {
 

 FrameTransformMatrix {
  1.000000,0.000000,0.000000,0.000000,0.000000,1.000000,0.000000,0.000000,0.000000,0.000000,1.000000,0.000000,0.000000,0.000000,0.000000,1.000000;;
 }

 Mesh Body {
  617;
  0.100632;0.748352;-0.048539;,
  0.059261;0.765089;-0.060133;,
  0.067470;0.732516;-0.056049;,
  0.110671;0.730267;-0.037342;,
  0.113287;0.715080;-0.026364;,
  0.078073;0.698083;-0.051504;,
  0.090534;0.671557;-0.030746;,
  0.112665;0.690635;0.006679;,
  0.049838;0.800654;-0.039896;,
  0.087492;0.791504;-0.023362;,
  0.085410;0.799512;0.007703;,
  0.053516;0.801540;0.000377;,
  0.065755;0.567944;0.105111;,
  0.017865;0.570559;0.109813;,
  0.021250;0.580174;0.102052;,
  0.061130;0.576681;0.097230;,
  0.080239;0.561176;0.046735;,
  0.081125;0.540931;0.075050;,
  0.067789;0.547525;0.009386;,
  0.053907;0.497323;0.032376;,
  0.076653;0.510898;0.050129;,
  0.040906;0.693768;-0.068397;,
  0.043624;0.662231;-0.056409;,
  -0.020604;0.566015;0.092960;,
  -0.017463;0.577465;0.083671;,
  0.035192;0.684345;0.087317;,
  -0.013310;0.682864;0.068478;,
  -0.009720;0.724657;0.055957;,
  0.044514;0.729810;0.072821;,
  0.070245;0.472244;0.034371;,
  0.093744;0.379432;0.021266;,
  0.119837;0.377363;0.060893;,
  0.089749;0.471894;0.080605;,
  0.110076;0.285671;0.009043;,
  0.121922;0.283411;0.060547;,
  0.019409;0.467012;0.033811;,
  -0.023730;0.469974;0.130301;,
  0.021972;0.358108;0.100701;,
  0.041095;0.369464;0.028060;,
  0.058539;0.275397;0.077934;,
  0.070566;0.276171;0.037418;,
  0.064585;0.452467;0.133874;,
  0.098539;0.368206;0.121374;,
  0.096108;0.282666;0.092084;,
  0.125775;0.006963;0.097751;,
  0.089304;0.006943;0.071392;,
  0.068149;0.007519;0.115387;,
  0.097867;0.007492;0.133604;,
  0.108693;0.227286;0.036055;,
  0.113721;0.153822;0.044342;,
  0.130775;0.156658;0.081516;,
  0.127709;0.230929;0.074005;,
  0.122161;0.075193;0.055880;,
  0.128329;0.076892;0.090028;,
  0.063467;0.205475;0.045184;,
  0.044159;0.223130;0.094401;,
  0.059221;0.159009;0.094976;,
  0.077512;0.149040;0.057557;,
  0.088450;0.085541;0.097030;,
  0.097611;0.068213;0.069587;,
  0.110110;0.238906;0.119515;,
  0.117130;0.164746;0.116646;,
  0.110075;0.092315;0.106506;,
  0.081010;0.515125;0.090245;,
  0.020673;0.485952;0.006892;,
  0.010748;0.457442;0.028684;,
  0.019409;0.467012;0.033811;,
  0.059812;0.526868;0.139197;,
  0.004586;0.532525;0.138964;,
  0.057431;0.470892;0.141333;,
  0.005781;0.477775;0.143545;,
  0.028875;0.632320;0.094462;,
  0.071095;0.679066;0.086638;,
  0.088968;0.678609;0.075831;,
  0.105967;0.662922;0.028267;,
  0.084823;0.614926;0.041415;,
  0.068771;0.627279;0.087470;,
  0.089970;0.646292;-0.014506;,
  0.077286;0.601712;0.007917;,
  0.045712;0.644777;-0.043346;,
  0.035603;0.593315;-0.016603;,
  0.133886;0.725002;-0.038863;,
  0.086069;0.732097;-0.015223;,
  0.154065;0.681107;-0.023665;,
  0.100659;0.675196;0.002846;,
  0.121550;0.631200;0.020747;,
  0.164958;0.635529;-0.000643;,
  0.110294;0.745286;0.039101;,
  0.125403;0.700553;0.058616;,
  0.100659;0.675196;0.002846;,
  0.142241;0.647172;0.067712;,
  0.121550;0.631200;0.020747;,
  0.120413;0.749756;0.041561;,
  0.158183;0.749541;0.017316;,
  0.178867;0.706779;0.032034;,
  0.185555;0.651404;0.046457;,
  0.151239;0.737527;-0.017931;,
  0.166403;0.616697;-0.010032;,
  0.115489;0.608940;0.015424;,
  0.126218;0.549998;0.005786;,
  0.158335;0.557501;-0.010325;,
  0.131972;0.509915;0.003731;,
  0.154805;0.507321;-0.008156;,
  0.115489;0.608940;0.015424;,
  0.143074;0.609377;0.072167;,
  0.158585;0.550710;0.052965;,
  0.126218;0.549998;0.005786;,
  0.155923;0.508656;0.035291;,
  0.131972;0.509915;0.003731;,
  0.193757;0.617165;0.046938;,
  0.183032;0.556772;0.040328;,
  0.171684;0.505332;0.025605;,
  0.094683;0.437199;0.018209;,
  0.109242;0.448553;0.006250;,
  0.148260;0.448241;0.034465;,
  0.133562;0.437029;0.045840;,
  0.100406;0.441093;0.003308;,
  0.105415;0.433303;0.009635;,
  0.109213;0.426968;0.001480;,
  0.099232;0.434701;-0.006381;,
  0.138977;0.479862;0.042907;,
  0.143906;0.442837;0.042082;,
  0.127388;0.448984;-0.007664;,
  0.115060;0.480733;-0.000674;,
  0.172566;0.474558;0.026320;,
  0.158685;0.431956;0.034252;,
  0.148569;0.476203;-0.019762;,
  0.143220;0.438543;-0.013733;,
  0.112941;0.797151;-0.014481;,
  0.127361;0.784542;-0.037447;,
  0.087492;0.791504;-0.023362;,
  0.092410;0.776220;-0.042820;,
  0.085201;0.728967;0.071093;,
  0.066765;0.782910;-0.054497;,
  0.129057;0.758398;-0.046283;,
  0.100632;0.748352;-0.048539;,
  0.110671;0.730267;-0.037342;,
  0.122604;0.740275;-0.031574;,
  0.099489;0.769709;0.040194;,
  0.053416;0.765920;0.044738;,
  0.103774;0.771661;0.035741;,
  -0.002254;0.756804;0.030735;,
  0.011252;0.789825;-0.017577;,
  0.085410;0.799512;0.007703;,
  0.103774;0.771661;0.035741;,
  0.105025;0.724973;0.000018;,
  0.106270;0.760189;0.032295;,
  0.086069;0.732097;-0.015223;,
  0.099050;0.712412;0.047684;,
  0.105467;0.693871;0.019010;,
  0.113287;0.715080;-0.026364;,
  0.098187;0.722324;0.061104;,
  0.115060;0.480733;-0.000674;,
  0.060268;0.820704;-0.066374;,
  0.068943;0.805689;-0.078223;,
  0.021349;0.801860;-0.046529;,
  0.034607;0.828491;-0.061986;,
  0.143220;0.438543;-0.013733;,
  0.094683;0.437199;0.018209;,
  0.133562;0.437029;0.045840;,
  0.106487;0.459451;-0.001616;,
  0.110701;0.442450;-0.020700;,
  0.106487;0.459451;-0.001616;,
  0.117354;0.447043;0.005074;,
  0.130364;0.435865;-0.012578;,
  0.130364;0.435865;-0.012578;,
  0.100406;0.441093;0.003308;,
  0.099232;0.434701;-0.006381;,
  0.109213;0.426968;0.001480;,
  0.171884;0.027546;0.035605;,
  0.164916;0.023985;-0.012892;,
  0.169727;0.005306;-0.018111;,
  0.180271;0.005822;0.032665;,
  0.070843;0.040776;0.103986;,
  0.068149;0.007519;0.115387;,
  0.089304;0.006943;0.071392;,
  0.089665;0.031862;0.068220;,
  0.088450;0.085541;0.097030;,
  0.110075;0.092315;0.106506;,
  0.106395;0.043790;0.125480;,
  0.125775;0.006963;0.097751;,
  0.097867;0.007492;0.133604;,
  0.128318;0.041871;0.095846;,
  0.122161;0.075193;0.055880;,
  0.128329;0.076892;0.090028;,
  0.134549;0.005464;-0.027730;,
  0.136034;0.021099;-0.018534;,
  0.180271;0.005822;0.032665;,
  0.134549;0.005464;-0.027730;,
  0.041095;0.369464;0.028060;,
  0.070566;0.276171;0.037418;,
  0.063467;0.205475;0.045184;,
  0.077512;0.149040;0.057557;,
  0.097611;0.068213;0.069587;,
  0.097611;0.068213;0.069587;,
  -0.011332;0.461079;0.075621;,
  0.079320;0.794821;-0.095225;,
  0.071777;0.774900;-0.097829;,
  0.063063;0.773832;-0.090831;,
  0.060618;0.792992;-0.086400;,
  0.069768;0.822778;-0.105486;,
  0.060520;0.844931;-0.107977;,
  0.047719;0.826729;-0.229050;,
  0.027883;0.827144;-0.232889;,
  0.029636;0.797491;-0.229922;,
  0.066840;0.761801;-0.181436;,
  0.061630;0.778365;-0.205544;,
  0.050262;0.754224;-0.182125;,
  0.083317;0.807488;-0.120336;,
  0.076958;0.778501;-0.118241;,
  0.076880;0.806727;-0.103047;,
  0.082198;0.835043;-0.147964;,
  0.083283;0.817042;-0.164602;,
  0.081315;0.823083;-0.201267;,
  0.073975;0.796797;-0.207208;,
  0.080456;0.790265;-0.168783;,
  0.066612;0.872638;-0.147397;,
  0.078698;0.851400;-0.146364;,
  0.027020;0.881304;-0.143779;,
  0.025651;0.883965;-0.192980;,
  0.058993;0.875522;-0.195208;,
  0.081819;0.784113;-0.146970;,
  0.068690;0.759615;-0.149166;,
  0.068651;0.761834;-0.113280;,
  0.055692;0.742149;-0.093342;,
  0.036801;0.731059;-0.092543;,
  0.035921;0.750349;-0.083937;,
  0.055944;0.792556;-0.220992;,
  0.067770;0.824972;-0.219655;,
  0.075085;0.857652;-0.199044;,
  0.061261;0.854045;-0.217958;,
  0.026140;0.862787;-0.221690;,
  0.043540;0.860850;-0.220730;,
  0.029145;0.858094;-0.111053;,
  0.075085;0.857652;-0.199044;,
  0.061261;0.854045;-0.217958;,
  0.089479;0.808096;-0.123250;,
  0.098091;0.834371;-0.143605;,
  0.092630;0.832338;-0.164088;,
  0.086533;0.821242;-0.147883;,
  0.098091;0.834371;-0.143605;,
  0.089479;0.808096;-0.123250;,
  0.092630;0.832338;-0.164088;,
  0.083283;0.817042;-0.164602;,
  0.085099;0.803036;-0.143771;,
  0.083317;0.807488;-0.120336;,
  0.067482;0.766633;-0.170254;,
  0.085099;0.803036;-0.143771;,
  0.066765;0.782910;-0.054497;,
  0.068943;0.805689;-0.078223;,
  0.092410;0.776220;-0.042820;,
  0.069768;0.822778;-0.105486;,
  0.038302;0.743813;-0.079089;,
  0.039046;0.720571;-0.072021;,
  0.030107;0.543683;-0.012254;,
  -0.033682;0.529538;0.121648;,
  -0.036629;0.496096;0.128690;,
  -0.026852;0.453056;0.119013;,
  0.032534;0.771919;-0.091278;,
  -0.011332;0.461079;0.075621;,
  0.043540;0.860850;-0.220730;,
  0.026140;0.862787;-0.221690;,
  0.055236;0.747316;-0.124914;,
  0.047083;0.747648;-0.148477;,
  0.047688;0.744315;-0.139436;,
  0.030589;0.782854;-0.224939;,
  0.032094;0.763458;-0.208541;,
  0.048133;0.759960;-0.170634;,
  -0.014311;0.629795;0.075130;,
  0.092410;0.776220;-0.042820;,
  0.169727;0.005306;-0.018111;,
  0.054906;0.745377;-0.118601;,
  0.047655;0.737715;-0.118750;,
  0.047106;0.742667;-0.122112;,
  0.035275;0.732475;-0.150953;,
  0.035206;0.738551;-0.139827;,
  0.046909;0.739387;-0.127392;,
  0.035467;0.741617;-0.122276;,
  0.036014;0.733922;-0.117796;,
  0.033683;0.746647;-0.182815;,
  0.033899;0.747266;-0.172666;,
  0.106270;0.760189;0.032295;,
  0.035676;0.735243;-0.128409;,
  0.095394;0.735689;0.011418;,
  0.105025;0.724973;0.000018;,
  0.113287;0.715080;-0.026364;,
  0.078698;0.851400;-0.146364;,
  0.108693;0.227286;0.036055;,
  0.066253;0.223819;-0.001834;,
  0.079305;0.148262;0.012283;,
  0.113721;0.153822;0.044342;,
  0.110076;0.285671;0.009043;,
  0.068569;0.278992;-0.011622;,
  0.093744;0.379432;0.021266;,
  0.042767;0.368765;0.000508;,
  0.070245;0.472244;0.034371;,
  0.028209;0.455941;0.010052;,
  0.053907;0.497323;0.032376;,
  0.085621;0.075929;0.017182;,
  0.122161;0.075193;0.055880;,
  0.051697;0.155234;0.121176;,
  0.060734;0.085898;0.128091;,
  -0.010457;0.102508;0.110186;,
  -0.010796;0.175906;0.105547;,
  -0.006539;0.242419;0.093180;,
  0.043365;0.222497;0.109001;,
  -0.008236;0.308513;0.091796;,
  0.041426;0.271376;0.103615;,
  0.015807;0.356205;0.114203;,
  -0.021361;0.384825;0.109854;,
  -0.035752;0.469001;0.128955;,
  0.095394;0.735689;0.011418;,
  -0.027592;0.733206;-0.094739;,
  -0.038425;0.712658;-0.091059;,
  0.005238;0.725166;-0.078470;,
  0.006645;0.759430;-0.078227;,
  -0.044160;0.695863;-0.083953;,
  -0.054105;0.673561;-0.060835;,
  -0.008827;0.661384;-0.070970;,
  0.001548;0.689045;-0.079075;,
  -0.004655;0.795082;-0.058192;,
  -0.034119;0.791193;-0.031196;,
  -0.061540;0.782522;-0.045118;,
  -0.041897;0.776491;-0.069979;,
  -0.085129;0.566320;0.034260;,
  -0.076287;0.574368;0.029898;,
  -0.055768;0.578877;0.064315;,
  -0.058214;0.569739;0.074090;,
  -0.047675;0.559023;-0.015940;,
  -0.071338;0.539290;0.003459;,
  -0.010172;0.546213;-0.028814;,
  -0.049095;0.509663;-0.008709;,
  -0.020356;0.496524;-0.002494;,
  -0.017463;0.577465;0.083671;,
  -0.020604;0.566015;0.092960;,
  -0.058576;0.676694;0.043837;,
  -0.060334;0.719076;0.030375;,
  -0.009720;0.724657;0.055957;,
  -0.013310;0.682864;0.068478;,
  -0.031413;0.473953;-0.015265;,
  -0.078307;0.468953;0.000935;,
  -0.073192;0.374818;-0.037262;,
  -0.026855;0.382172;-0.044627;,
  -0.064104;0.281478;-0.041896;,
  -0.018730;0.287239;-0.067959;,
  0.004442;0.471769;0.021294;,
  0.004647;0.374299;-0.001464;,
  -0.034460;0.356749;0.061258;,
  -0.045644;0.469738;0.120012;,
  -0.011849;0.279077;-0.019800;,
  -0.033180;0.277011;0.016300;,
  -0.102170;0.360778;0.018939;,
  -0.099447;0.447109;0.054475;,
  -0.069558;0.280866;-0.001761;,
  -0.079372;0.006311;-0.018903;,
  -0.118964;0.008552;0.003279;,
  -0.105361;0.010326;0.035323;,
  -0.058722;0.008429;0.021023;,
  -0.033873;0.226801;-0.045057;,
  -0.074737;0.228920;-0.033196;,
  -0.077956;0.154738;-0.024903;,
  -0.039043;0.153246;-0.037718;,
  -0.075924;0.075704;-0.016174;,
  -0.044204;0.074394;-0.024923;,
  -0.008460;0.209352;-0.004386;,
  -0.023750;0.151941;-0.002038;,
  -0.039192;0.163823;0.036100;,
  -0.032269;0.229062;0.041997;,
  -0.055076;0.069092;0.009490;,
  -0.065668;0.087620;0.020098;,
  -0.094781;0.164301;0.008432;,
  -0.096437;0.238810;0.010113;,
  -0.082832;0.092635;0.005168;,
  -0.082500;0.513365;0.013466;,
  0.004442;0.471769;0.021294;,
  -0.071493;0.531706;0.103240;,
  -0.106835;0.525074;0.060946;,
  -0.072001;0.475640;0.105313;,
  -0.103225;0.466912;0.064754;,
  -0.055526;0.627210;0.051969;,
  -0.079725;0.666759;0.016704;,
  -0.082542;0.664615;-0.003698;,
  -0.072495;0.618725;0.016349;,
  -0.042900;0.607192;-0.022889;,
  -0.053881;0.649879;-0.045854;,
  -0.009663;0.596447;-0.035859;,
  -0.008018;0.638297;-0.059943;,
  -0.073131;0.698519;-0.104860;,
  -0.097714;0.656706;-0.090292;,
  -0.034501;0.710146;-0.069248;,
  -0.115830;0.614827;-0.065324;,
  -0.080924;0.614757;-0.031530;,
  -0.054847;0.656016;-0.048437;,
  -0.073682;0.730259;-0.027151;,
  -0.054847;0.656016;-0.048437;,
  -0.094743;0.688362;-0.006873;,
  -0.080924;0.614757;-0.031530;,
  -0.114546;0.636159;0.004373;,
  -0.083992;0.734765;-0.028503;,
  -0.137639;0.689352;-0.048857;,
  -0.112737;0.730125;-0.062658;,
  -0.149404;0.636150;-0.029251;,
  -0.095744;0.713423;-0.092107;,
  -0.114352;0.595201;-0.072265;,
  -0.106716;0.536767;-0.062442;,
  -0.080970;0.532518;-0.036625;,
  -0.073503;0.592556;-0.031958;,
  -0.103924;0.487861;-0.052566;,
  -0.088524;0.494676;-0.031566;,
  -0.073503;0.592556;-0.031958;,
  -0.080970;0.532518;-0.036625;,
  -0.126054;0.537906;-0.001811;,
  -0.116920;0.599067;0.013370;,
  -0.088524;0.494676;-0.031566;,
  -0.121396;0.489653;-0.014114;,
  -0.145538;0.541442;-0.021860;,
  -0.157614;0.601781;-0.026661;,
  -0.130443;0.488244;-0.026324;,
  -0.044591;0.441237;0.007917;,
  -0.086533;0.419652;0.000848;,
  -0.094590;0.429280;-0.016859;,
  -0.052274;0.451243;-0.010104;,
  -0.041270;0.448314;-0.006534;,
  -0.031776;0.446471;-0.013059;,
  -0.039453;0.433847;-0.014770;,
  -0.044738;0.437666;-0.005907;,
  -0.108107;0.457013;-0.002521;,
  -0.066820;0.480482;-0.017240;,
  -0.056110;0.451213;-0.032650;,
  -0.093772;0.423065;-0.008681;,
  -0.093801;0.411844;-0.025179;,
  -0.117855;0.448273;-0.038018;,
  -0.075383;0.473346;-0.054435;,
  -0.058083;0.439438;-0.048586;,
  -0.068337;0.775769;-0.079757;,
  -0.062118;0.762178;-0.105662;,
  -0.030794;0.761668;-0.087210;,
  -0.041897;0.776491;-0.069979;,
  -0.087370;0.711300;0.001231;,
  -0.005967;0.775734;-0.078510;,
  -0.053171;0.736574;-0.111884;,
  -0.055855;0.716324;-0.098208;,
  -0.038425;0.712658;-0.091059;,
  -0.027592;0.733206;-0.094739;,
  -0.084721;0.748685;-0.026530;,
  -0.085462;0.750186;-0.032632;,
  -0.054635;0.753158;0.005809;,
  -0.002254;0.756804;0.030735;,
  0.011252;0.789825;-0.017577;,
  -0.061540;0.782522;-0.045118;,
  -0.085462;0.750186;-0.032632;,
  -0.056210;0.705598;-0.058787;,
  -0.034501;0.710146;-0.069248;,
  -0.083219;0.738277;-0.036482;,
  -0.058298;0.677106;-0.047287;,
  -0.077456;0.694341;-0.023771;,
  -0.044160;0.695863;-0.083953;,
  -0.088162;0.703246;-0.014337;,
  -0.066820;0.480482;-0.017240;,
  -0.001059;0.808935;-0.076404;,
  0.008480;0.823106;-0.065028;,
  0.034607;0.828491;-0.061986;,
  0.021349;0.801860;-0.046529;,
  -0.058083;0.439438;-0.048586;,
  -0.044591;0.441237;0.007917;,
  -0.086533;0.419652;0.000848;,
  -0.034358;0.455047;-0.030846;,
  -0.050804;0.464521;-0.013218;,
  -0.050804;0.464521;-0.013218;,
  -0.056207;0.447915;-0.016656;,
  -0.049085;0.440471;-0.039008;,
  -0.049085;0.440471;-0.039008;,
  -0.031776;0.446471;-0.013059;,
  -0.041270;0.448314;-0.006534;,
  -0.039453;0.433847;-0.014770;,
  -0.010861;0.024022;-0.056380;,
  -0.006931;0.001832;-0.062943;,
  0.041709;0.001876;-0.044949;,
  0.036024;0.020816;-0.042074;,
  -0.093347;0.043347;0.032406;,
  -0.055276;0.033278;0.019673;,
  -0.058722;0.008429;0.021023;,
  -0.105361;0.010326;0.035323;,
  -0.065668;0.087620;0.020098;,
  -0.109292;0.044266;-0.006063;,
  -0.082832;0.092635;0.005168;,
  -0.079372;0.006311;-0.018903;,
  -0.076753;0.041002;-0.023182;,
  -0.118964;0.008552;0.003279;,
  -0.044204;0.074394;-0.024923;,
  -0.075924;0.075704;-0.016174;,
  0.037286;0.019649;-0.012555;,
  0.045999;0.004118;-0.008801;,
  0.045999;0.004118;-0.008801;,
  -0.006931;0.001832;-0.062943;,
  0.004647;0.374299;-0.001464;,
  -0.011849;0.279077;-0.019800;,
  -0.008460;0.209352;-0.004386;,
  -0.023750;0.151941;-0.002038;,
  -0.055076;0.069092;0.009490;,
  -0.055076;0.069092;0.009490;,
  -0.012724;0.789606;-0.092947;,
  0.006392;0.795507;-0.084991;,
  0.005995;0.770598;-0.089418;,
  -0.003118;0.770656;-0.095975;,
  -0.006907;0.818433;-0.103588;,
  -0.000353;0.841482;-0.106470;,
  0.008433;0.824503;-0.228078;,
  0.027883;0.827144;-0.232889;,
  -0.000864;0.757965;-0.179760;,
  0.016410;0.752306;-0.181287;,
  0.001248;0.774944;-0.204050;,
  -0.009673;0.773593;-0.116097;,
  -0.019359;0.801670;-0.117794;,
  -0.012033;0.801689;-0.100846;,
  -0.022722;0.829098;-0.145366;,
  -0.022587;0.811043;-0.161981;,
  -0.016965;0.784745;-0.166371;,
  -0.013166;0.791859;-0.205051;,
  -0.023125;0.817165;-0.198682;,
  -0.021017;0.845750;-0.143896;,
  -0.011471;0.868214;-0.145464;,
  0.027020;0.881304;-0.143779;,
  -0.006594;0.871805;-0.193584;,
  0.025651;0.883965;-0.192980;,
  -0.016547;0.778539;-0.144535;,
  0.000697;0.757983;-0.111598;,
  -0.000861;0.755674;-0.147445;,
  0.016763;0.739943;-0.092378;,
  0.004526;0.789643;-0.219719;,
  -0.010803;0.820520;-0.217710;,
  -0.007542;0.850147;-0.216255;,
  -0.020735;0.852222;-0.196672;,
  0.009139;0.858900;-0.219879;,
  0.026140;0.862787;-0.221690;,
  0.029145;0.858094;-0.111053;,
  -0.020735;0.852222;-0.196672;,
  -0.007542;0.850147;-0.216255;,
  -0.025687;0.801570;-0.120400;,
  -0.025462;0.814896;-0.145110;,
  -0.033565;0.825187;-0.160964;,
  -0.038203;0.826648;-0.140231;,
  -0.025687;0.801570;-0.120400;,
  -0.038203;0.826648;-0.140231;,
  -0.033565;0.825187;-0.160964;,
  -0.022587;0.811043;-0.161981;,
  -0.021781;0.796981;-0.141125;,
  -0.019359;0.801670;-0.117794;,
  -0.001494;0.762724;-0.168546;,
  -0.021781;0.796981;-0.141125;,
  -0.001059;0.808935;-0.076404;,
  -0.005967;0.775734;-0.078510;,
  -0.030794;0.761668;-0.087210;,
  -0.006907;0.818433;-0.103588;,
  -0.033682;0.529538;0.121648;,
  -0.036629;0.496096;0.128690;,
  -0.026852;0.453056;0.119013;,
  -0.011332;0.461079;0.075621;,
  0.009139;0.858900;-0.219879;,
  0.026140;0.862787;-0.221690;,
  0.015075;0.745040;-0.123920;,
  0.022188;0.742870;-0.138805;,
  0.021966;0.746225;-0.147855;,
  0.018441;0.758278;-0.169899;,
  -0.014311;0.629795;0.075130;,
  -0.030794;0.761668;-0.087210;,
  0.041709;0.001876;-0.044949;,
  0.023986;0.736374;-0.118165;,
  0.015933;0.743169;-0.117636;,
  0.023806;0.741347;-0.121535;,
  0.024112;0.738095;-0.126827;,
  -0.083219;0.738277;-0.036482;,
  -0.057472;0.717235;-0.045009;,
  -0.056210;0.705598;-0.058787;,
  -0.044160;0.695863;-0.083953;,
  -0.021017;0.845750;-0.143896;,
  0.014509;0.222920;-0.036755;,
  0.004852;0.146154;-0.032366;,
  0.041157;0.145575;-0.013564;,
  0.038354;0.223267;-0.018328;,
  0.014922;0.283307;-0.048870;,
  0.039950;0.278860;-0.027854;,
  0.015876;0.373282;-0.019581;,
  0.028934;0.364333;-0.007688;,
  0.013790;0.460398;-0.000061;,
  0.020496;0.448523;0.007702;,
  0.020673;0.485952;0.006892;,
  -0.020356;0.496524;-0.002494;,
  0.003099;0.073639;-0.029598;,
  0.045252;0.079218;-0.013003;,
  -0.051272;0.086084;0.067060;,
  -0.082823;0.092635;0.005177;,
  -0.094781;0.164301;0.008432;,
  -0.048295;0.161085;0.060315;,
  -0.096437;0.238810;0.010113;,
  -0.046226;0.226321;0.051915;,
  -0.041753;0.273875;0.049663;,
  -0.069558;0.280866;-0.001761;,
  -0.102170;0.360778;0.018939;,
  -0.040909;0.352441;0.076953;,
  -0.036629;0.496096;0.128690;,
  -0.072001;0.475640;0.105313;,
  -0.057472;0.717235;-0.045009;,
  -0.031413;0.473953;-0.015265;,
  -0.026855;0.382172;-0.044627;,
  -0.018730;0.287240;-0.067959;,
  -0.033873;0.226801;-0.045057;,
  -0.039043;0.153246;-0.037718;,
  -0.044204;0.074394;-0.024923;,
  0.098539;0.368206;0.121374;,
  0.005781;0.477775;0.143545;,
  0.064585;0.452467;0.133874;,
  0.096108;0.282666;0.092084;,
  0.110110;0.238906;0.119515;,
  0.117130;0.164746;0.116646;,
  0.110075;0.092315;0.106506;,
  -0.099447;0.447109;0.054475;;
  916;
  3;0,2,1;,
  3;2,0,3;,
  3;4,6,5;,
  3;6,4,7;,
  3;8,10,9;,
  3;10,8,11;,
  3;12,14,13;,
  3;14,12,15;,
  3;16,12,17;,
  3;12,16,15;,
  3;18,20,19;,
  3;20,18,16;,
  3;5,22,21;,
  3;22,5,6;,
  3;13,24,23;,
  3;24,13,14;,
  3;25,27,26;,
  3;27,25,28;,
  3;29,31,30;,
  3;31,29,32;,
  3;31,33,30;,
  3;33,31,34;,
  3;35,37,36;,
  3;37,35,38;,
  3;38,39,37;,
  3;39,38,40;,
  3;36,42,41;,
  3;42,36,37;,
  3;37,43,42;,
  3;43,37,39;,
  3;41,31,32;,
  3;31,41,42;,
  3;42,34,31;,
  3;34,42,43;,
  3;44,46,45;,
  3;46,44,47;,
  3;48,50,49;,
  3;50,48,51;,
  3;49,53,52;,
  3;53,49,50;,
  3;54,56,55;,
  3;56,54,57;,
  3;57,58,56;,
  3;58,57,59;,
  3;55,61,60;,
  3;61,55,56;,
  3;56,62,61;,
  3;62,56,58;,
  3;60,50,51;,
  3;50,60,61;,
  3;61,53,50;,
  3;53,61,62;,
  3;32,20,63;,
  3;20,32,29;,
  3;64,66,65;,
  3;66,64,19;,
  3;13,67,12;,
  3;67,13,68;,
  3;68,69,67;,
  3;69,68,70;,
  3;70,41,69;,
  3;41,70,36;,
  3;48,34,51;,
  3;34,48,33;,
  3;51,43,60;,
  3;43,51,34;,
  3;43,55,60;,
  3;55,43,39;,
  3;39,54,55;,
  3;54,39,40;,
  3;12,63,17;,
  3;63,12,67;,
  3;67,32,63;,
  3;32,67,69;,
  3;69,41,32;,
  3;71,72,25;,
  3;73,75,74;,
  3;75,73,76;,
  3;75,77,74;,
  3;77,75,78;,
  3;79,78,80;,
  3;78,79,77;,
  3;81,83,82;,
  3;83,85,84;,
  3;85,83,86;,
  3;87,89,88;,
  3;89,90,88;,
  3;90,89,91;,
  3;92,94,93;,
  3;92,88,94;,
  3;92,87,88;,
  3;88,95,94;,
  3;95,88,90;,
  3;96,94,83;,
  3;94,86,83;,
  3;86,94,95;,
  3;97,99,98;,
  3;99,97,100;,
  3;100,101,99;,
  3;101,100,102;,
  3;103,105,104;,
  3;105,103,106;,
  3;106,107,105;,
  3;107,106,108;,
  3;104,110,109;,
  3;110,104,105;,
  3;105,111,110;,
  3;111,105,107;,
  3;109,100,97;,
  3;100,109,110;,
  3;110,102,100;,
  3;102,110,111;,
  3;112,114,113;,
  3;114,112,115;,
  3;116,118,117;,
  3;118,116,119;,
  3;120,122,121;,
  3;122,120,123;,
  3;120,125,124;,
  3;125,120,121;,
  3;126,125,127;,
  3;125,126,124;,
  3;95,97,86;,
  3;97,95,109;,
  3;86,98,85;,
  3;98,86,97;,
  3;90,103,104;,
  3;103,90,91;,
  3;104,95,90;,
  3;95,104,109;,
  3;128,96,129;,
  3;96,128,93;,
  3;129,130,128;,
  3;130,129,131;,
  3;72,28,25;,
  3;28,72,132;,
  3;9,133,8;,
  3;134,136,135;,
  3;136,134,137;,
  3;81,137,134;,
  3;138,11,139;,
  3;138,10,11;,
  3;138,140,10;,
  3;141,11,142;,
  3;11,141,139;,
  3;128,130,143;,
  3;93,144,92;,
  3;93,143,144;,
  3;93,128,143;,
  3;145,87,146;,
  3;87,145,147;,
  3;74,148,73;,
  3;148,74,149;,
  3;150,147,145;,
  3;7,149,74;,
  3;148,151,73;,
  3;102,152,101;,
  3;152,102,126;,
  3;102,124,126;,
  3;124,102,111;,
  3;111,120,124;,
  3;120,111,107;,
  3;120,108,123;,
  3;108,120,107;,
  3;8,154,153;,
  3;154,8,133;,
  3;153,155,8;,
  3;155,153,156;,
  3;121,113,114;,
  3;113,121,122;,
  3;122,112,113;,
  3;112,122,157;,
  3;158,125,159;,
  3;125,158,127;,
  3;159,121,114;,
  3;121,159,125;,
  3;126,160,152;,
  3;160,126,161;,
  3;162,122,123;,
  3;122,162,163;,
  3;122,164,157;,
  3;164,122,163;,
  3;165,126,127;,
  3;126,165,161;,
  3;161,166,160;,
  3;166,161,167;,
  3;162,117,163;,
  3;117,162,116;,
  3;163,118,164;,
  3;118,163,117;,
  3;165,167,161;,
  3;167,165,168;,
  3;169,171,170;,
  3;171,169,172;,
  3;173,175,174;,
  3;175,173,176;,
  3;177,179,178;,
  3;179,177,173;,
  3;180,179,181;,
  3;179,180,182;,
  3;183,169,170;,
  3;169,183,184;,
  3;175,186,185;,
  3;186,175,176;,
  3;45,187,44;,
  3;187,45,188;,
  3;180,169,182;,
  3;169,180,172;,
  3;19,29,66;,
  3;20,29,19;,
  3;29,30,189;,
  3;30,190,189;,
  3;190,30,33;,
  3;33,191,190;,
  3;191,33,48;,
  3;191,49,192;,
  3;49,191,48;,
  3;192,52,193;,
  3;52,192,49;,
  3;194,170,186;,
  3;170,194,183;,
  3;170,185,186;,
  3;185,170,171;,
  3;186,176,194;,
  3;194,173,177;,
  3;173,194,176;,
  3;179,174,181;,
  3;174,179,173;,
  3;178,182,184;,
  3;182,178,179;,
  3;182,169,184;,
  3;16,17,20;,
  3;17,63,20;,
  3;66,195,65;,
  3;196,198,197;,
  3;198,196,199;,
  3;200,153,154;,
  3;153,200,201;,
  3;202,204,203;,
  3;205,207,206;,
  3;196,209,208;,
  3;209,196,197;,
  3;210,208,211;,
  3;208,210,196;,
  3;212,214,213;,
  3;214,212,215;,
  3;212,213,211;,
  3;201,217,216;,
  3;217,201,200;,
  3;218,220,219;,
  3;220,218,216;,
  3;210,199,196;,
  3;214,205,206;,
  3;221,223,222;,
  3;197,198,224;,
  3;224,226,225;,
  3;226,224,198;,
  3;227,214,206;,
  3;228,229,213;,
  3;229,228,230;,
  3;219,232,231;,
  3;214,228,213;,
  3;156,201,233;,
  3;201,156,153;,
  3;233,216,218;,
  3;216,233,201;,
  3;220,216,234;,
  3;235,220,234;,
  3;236,238,237;,
  3;238,236,239;,
  3;208,240,211;,
  3;240,208,241;,
  3;211,242,212;,
  3;242,211,240;,
  3;243,239,244;,
  3;239,243,238;,
  3;244,236,245;,
  3;236,244,239;,
  3;246,221,222;,
  3;221,246,215;,
  3;221,212,247;,
  3;212,221,215;,
  3;199,248,1;,
  3;248,199,249;,
  3;133,9,250;,
  3;249,210,251;,
  3;210,249,199;,
  3;210,211,251;,
  3;252,2,253;,
  3;2,252,1;,
  3;19,254,18;,
  3;254,19,64;,
  3;23,68,13;,
  3;68,23,255;,
  3;68,256,70;,
  3;256,68,255;,
  3;256,36,70;,
  3;36,256,257;,
  3;258,1,252;,
  3;1,258,199;,
  3;257,259,36;,
  3;36,259,35;,
  3;260,203,261;,
  3;203,260,202;,
  3;262,263,222;,
  3;263,262,264;,
  3;198,258,226;,
  3;258,198,199;,
  3;265,204,227;,
  3;265,206,266;,
  3;206,265,227;,
  3;222,267,246;,
  3;267,222,263;,
  3;89,87,147;,
  3;82,83,84;,
  3;78,16,18;,
  3;16,78,75;,
  3;75,15,16;,
  3;15,75,76;,
  3;15,71,14;,
  3;71,15,76;,
  3;14,268,24;,
  3;268,14,71;,
  3;248,269,1;,
  3;1,269,0;,
  3;135,129,134;,
  3;129,135,131;,
  3;134,96,81;,
  3;96,134,129;,
  3;96,83,81;,
  3;94,96,93;,
  3;29,189,66;,
  3;205,215,246;,
  3;267,205,246;,
  3;205,267,207;,
  3;205,214,215;,
  3;187,188,270;,
  3;224,272,271;,
  3;223,221,209;,
  3;224,223,197;,
  3;271,273,262;,
  3;273,271,272;,
  3;263,275,274;,
  3;273,276,262;,
  3;277,272,278;,
  3;272,277,273;,
  3;223,271,262;,
  3;271,223,224;,
  3;223,209,197;,
  3;208,221,247;,
  3;221,208,209;,
  3;222,223,262;,
  3;266,207,279;,
  3;207,266,206;,
  3;207,280,279;,
  3;280,207,267;,
  3;280,263,274;,
  3;263,280,267;,
  3;264,262,276;,
  3;76,73,72;,
  3;138,281,140;,
  3;73,132,72;,
  3;132,73,151;,
  3;72,71,76;,
  3;272,225,278;,
  3;155,11,8;,
  3;276,277,282;,
  3;277,276,273;,
  3;275,276,282;,
  3;276,275,264;,
  3;28,141,27;,
  3;141,28,139;,
  3;139,132,138;,
  3;132,139,28;,
  3;132,281,138;,
  3;281,132,151;,
  3;281,148,283;,
  3;148,281,151;,
  3;283,149,284;,
  3;149,283,148;,
  3;7,284,149;,
  3;284,7,4;,
  3;6,79,22;,
  3;79,6,77;,
  3;77,7,74;,
  3;7,77,6;,
  3;5,3,4;,
  3;3,5,2;,
  3;285,137,82;,
  3;137,285,136;,
  3;137,81,82;,
  3;92,146,87;,
  3;146,92,144;,
  3;2,21,253;,
  3;21,2,5;,
  3;286,213,229;,
  3;251,211,286;,
  3;213,286,211;,
  3;234,216,217;,
  3;227,202,228;,
  3;202,230,228;,
  3;230,202,260;,
  3;232,220,235;,
  3;228,214,227;,
  3;26,71,25;,
  3;71,26,268;,
  3;155,142,11;,
  3;18,80,78;,
  3;80,18,254;,
  3;272,224,225;,
  3;275,263,264;,
  3;202,227,204;,
  3;232,219,220;,
  3;287,289,288;,
  3;289,287,290;,
  3;291,288,292;,
  3;288,291,287;,
  3;293,292,294;,
  3;292,293,291;,
  3;295,294,296;,
  3;294,295,293;,
  3;296,297,295;,
  3;298,290,299;,
  3;290,298,289;,
  3;300,302,301;,
  3;302,300,303;,
  3;304,300,305;,
  3;300,304,303;,
  3;306,305,307;,
  3;305,306,304;,
  3;308,306,307;,
  3;306,308,309;,
  3;308,310,309;,
  3;145,146,311;,
  3;312,314,313;,
  3;314,312,315;,
  3;316,318,317;,
  3;318,316,319;,
  3;320,322,321;,
  3;322,320,323;,
  3;324,326,325;,
  3;326,324,327;,
  3;328,324,325;,
  3;324,328,329;,
  3;330,331,328;,
  3;331,330,332;,
  3;319,22,318;,
  3;22,319,21;,
  3;327,333,326;,
  3;333,327,334;,
  3;335,337,336;,
  3;337,335,338;,
  3;339,341,340;,
  3;341,339,342;,
  3;341,344,343;,
  3;344,341,342;,
  3;345,347,346;,
  3;347,345,348;,
  3;346,350,349;,
  3;350,346,347;,
  3;348,351,347;,
  3;351,348,352;,
  3;347,353,350;,
  3;353,347,351;,
  3;352,341,351;,
  3;341,352,340;,
  3;351,343,353;,
  3;343,351,341;,
  3;354,356,355;,
  3;356,354,357;,
  3;358,360,359;,
  3;360,358,361;,
  3;361,362,360;,
  3;362,361,363;,
  3;364,366,365;,
  3;366,364,367;,
  3;365,369,368;,
  3;369,365,366;,
