xof 0303txt 0032
template XSkinMeshHeader {
 <3cf169ce-ff7c-44ab-93c0-f78f62d172e2>
 WORD nMaxSkinWeightsPerVertex;
 WORD nMaxSkinWeightsPerFace;
 WORD nBones;
}

template VertexDuplicationIndices {
 <b8d65549-d7c9-4995-89cf-53a9a8b031e3>
 DWORD nIndices;
 DWORD nOriginalVertices;
 array DWORD indices[nIndices];
}

template SkinWeights {
 <6f0d123b-bad2-4167-a0d0-80224f25fabb>
 STRING transformNodeName;
 DWORD nWeights;
 array DWORD vertexIndices[nWeights];
 array FLOAT weights[nWeights];
 Matrix4x4 matrixOffset;
}

template AnimTicksPerSecond {
 <9e415a43-7ba6-4a73-8743-b73d47e88476>
 DWORD AnimTicksPerSecond;
}

template VertexElement {
 <f752461c-1e23-48f6-b9f8-8350850f336f>
 DWORD Type;
 DWORD Method;
 DWORD Usage;
 DWORD UsageIndex;
}

template DeclData {
 <bf22e553-292c-4781-9fea-62bd554bdd93>
 DWORD nElements;
 array VertexElement Elements[nElements];
 DWORD nDWords;
 array DWORD data[nDWords];
}


AnimTicksPerSecond {
 4800;
}

Frame Dummy01 {
 

 FrameTransformMatrix {
  1.000000,0.000000,0.000000,0.000000,0.000000,-0.000000,-1.000000,0.000000,0.000000,1.000000,-0.000000,0.000000,0.000000,0.000000,0.000000,1.000000;;
 }

 Frame Bip01 {
  

  FrameTransformMatrix {
   -0.022557,0.965926,-0.257834,0.000000,0.084185,0.258819,0.962250,0.000000,0.996195,-0.000001,-0.087154,0.000000,0.000000,0.030000,0.540000,1.000000;;
  }

  Frame Bip01_Pelvis {
   

   FrameTransformMatrix {
    -0.000000,1.000000,-0.000001,0.000000,0.063244,0.000001,0.997998,0.000000,0.997998,-0.000000,-0.063244,0.000000,0.000000,0.000000,0.000000,1.000000;;
   }

   Frame Bip01_Spine {
    

    FrameTransformMatrix {
     0.965720,0.016419,0.259068,0.000000,-0.000002,0.997998,-0.063241,0.000000,-0.259588,0.061073,0.963786,0.000000,0.051655,-0.000005,-0.000082,1.000000;;
    }

    Frame Bip01_Spine1 {
     

     FrameTransformMatrix {
      0.983212,-0.011987,0.182074,0.000000,0.114100,0.819080,-0.562218,0.000000,-0.142394,0.573554,0.806697,0.000000,0.106492,-0.000049,-0.000068,1.000000;;
     }

     Frame Bip01_Neck {
      

      FrameTransformMatrix {
       0.940107,-0.200281,0.275839,0.000000,0.192135,0.979739,0.056536,0.000000,-0.281573,-0.000151,0.959540,0.000000,0.130512,0.000000,0.004626,1.000000;;
      }

      Frame Bip01_Head {
       

       FrameTransformMatrix {
        0.700839,0.332792,-0.630931,0.000000,0.025913,0.872038,0.488751,0.000000,0.712849,-0.358885,0.602535,0.000000,0.033674,-0.000000,0.000000,1.000000;;
       }

       Frame Bip01_HeadNub {
        

        FrameTransformMatrix {
         1.000000,0.000000,0.000000,0.000000,0.000000,1.000000,-0.000000,0.000000,0.000000,0.000000,1.000000,0.000000,0.169824,0.000000,0.000000,1.000000;;
        }
       }
      }

      Frame Bip01_L_Clavicle {
       

       FrameTransformMatrix {
        -0.471968,0.879845,-0.055849,0.000000,0.846579,0.434620,-0.307261,0.000000,-0.246069,-0.192298,-0.949985,0.000000,-0.027016,0.010517,0.002325,1.000000;;
       }

       Frame Bip01_L_UpperArm {
        

        FrameTransformMatrix {
         0.413024,-0.584688,-0.698249,0.000000,0.664348,0.717859,-0.208137,0.000000,0.622939,-0.377914,0.684929,0.000000,0.087086,0.000000,-0.000000,1.000000;;
        }

        Frame Bip01_L_Forearm {
         

         FrameTransformMatrix {
          0.410618,-0.000000,-0.911807,0.000000,-0.000000,1.000000,0.000000,0.000000,0.911807,-0.000000,0.410618,0.000000,0.137062,-0.000000,0.000000,1.000000;;
         }

         Frame Bip01_L_Hand {
          

          FrameTransformMatrix {
           0.851943,0.473877,-0.222785,0.000000,0.032136,0.377341,0.925517,0.000000,0.522647,-0.795647,0.306244,0.000000,0.137062,0.000000,-0.000000,1.000000;;
          }

          Frame Bip01_L_Finger0 {
           

           FrameTransformMatrix {
            0.417774,0.116941,0.900994,0.000000,0.558537,0.749101,-0.356210,0.000000,-0.716590,0.652054,0.247639,0.000000,0.057681,-0.023605,-0.000272,1.000000;;
           }

           Frame Bip01_L_Finger0Nub {
            

            FrameTransformMatrix {
             1.000000,0.000000,0.000000,0.000000,0.000000,1.000000,-0.000000,0.000000,0.000000,0.000000,1.000000,0.000000,0.029435,-0.000000,0.000000,1.000000;;
            }
           }
          }

          Frame Bip01_L_Finger1 {
           

           FrameTransformMatrix {
            0.352437,-0.000745,0.935835,0.000000,-0.000000,1.000000,0.000796,0.000000,-0.935835,-0.000281,0.352437,0.000000,0.084102,-0.000000,-0.000000,1.000000;;
           }

           Frame Bip01_L_Finger1Nub {
            

            FrameTransformMatrix {
             1.000000,0.000000,0.000000,0.000000,0.000000,1.000000,0.000000,0.000000,0.000000,0.000000,1.000000,0.000000,0.047988,0.000000,0.000000,1.000000;;
            }
           }
          }
         }
        }
       }
      }

      Frame Bip01_R_Clavicle {
       

       FrameTransformMatrix {
        0.105075,-0.949356,-0.296113,0.000000,-0.939887,-0.192090,0.282337,0.000000,-0.324919,0.248647,-0.912471,0.000000,-0.020722,-0.020275,0.002330,1.000000;;
       }

       Frame Bip01_R_UpperArm {
        

        FrameTransformMatrix {
         0.649990,0.129434,-0.748839,0.000000,-0.593846,0.701380,-0.394225,0.000000,0.474195,0.700937,0.532754,0.000000,0.087086,-0.000000,0.000000,1.000000;;
        }

        Frame Bip01_R_Forearm {
         

         FrameTransformMatrix {
          0.410618,-0.000000,-0.911807,0.000000,-0.000000,1.000000,0.000000,0.000000,0.911807,0.000000,0.410618,0.000000,0.137062,0.000000,0.000000,1.000000;;
         }

         Frame Bip01_R_Hand {
          

          FrameTransformMatrix {
           0.909975,-0.258058,-0.324579,0.000000,-0.091672,0.638188,-0.764403,0.000000,0.404403,0.725342,0.557079,0.000000,0.137062,0.000000,-0.000000,1.000000;;
          }

          Frame Bip01_R_Finger0 {
           

           FrameTransformMatrix {
            0.417774,-0.116941,0.900994,0.000000,-0.558537,0.749101,0.356210,0.000000,-0.716591,-0.652054,0.247640,0.000000,0.057681,0.023605,-0.000272,1.000000;;
           }

           Frame Bip01_R_Finger0Nub {
            

            FrameTransformMatrix {
             -1.000000,0.000000,0.000000,0.000000,0.000000,1.000000,-0.000000,0.000000,-0.000000,0.000000,-1.000000,0.000000,0.029435,0.000000,0.000000,1.000000;;
            }
           }
          }

          Frame Bip01_R_Finger1 {
           

           FrameTransformMatrix {
            0.352437,0.000745,0.935835,0.000000,0.000000,1.000000,-0.000796,0.000000,-0.935836,0.000281,0.352437,0.000000,0.084102,0.000000,0.000000,1.000000;;
           }

           Frame Bip01_R_Finger1Nub {
            

            FrameTransformMatrix {
             -1.000001,-0.000000,0.000000,0.000000,0.000000,1.000000,0.000000,0.000000,0.000000,-0.000000,-1.000000,0.000000,0.047988,-0.000000,0.000000,1.000000;;
            }
           }
          }
         }
        }
       }
      }
     }

     Frame Bip01_BackPack {
      

      FrameTransformMatrix {
       0.081023,-0.088037,-0.992816,0.000000,-0.064786,0.993520,-0.093387,0.000000,0.994605,0.071887,0.074794,0.000000,0.041174,-0.003810,-0.088357,1.000000;;
      }

      Frame Bip01_BackPackNub {
       

       FrameTransformMatrix {
        0.000796,0.000003,1.000000,0.000000,-0.000000,-1.000000,0.000003,0.000000,1.000000,-0.000000,-0.000796,0.000000,0.053240,0.000000,0.000000,1.000000;;
       }
      }
     }
    }

    Frame Bip01_L_Thigh {
     

     FrameTransformMatrix {
      -0.426395,0.117068,0.896929,0.000000,-0.067350,-0.992946,0.097582,0.000000,0.902026,-0.018800,0.431272,0.000000,-0.048957,0.055115,0.016861,1.000000;;
     }

     Frame Bip01_L_Calf {
      

      FrameTransformMatrix {
       0.943868,0.000000,-0.330323,0.000000,0.000000,1.000000,-0.000000,0.000000,0.330323,-0.000000,0.943868,0.000000,0.237500,0.000000,0.000000,1.000000;;
      }

      Frame Bip01_L_Foot {
       

       FrameTransformMatrix {
        0.965445,0.042873,0.257054,0.000000,-0.061736,0.995924,0.065765,0.000000,-0.253187,-0.079362,0.964157,0.000000,0.206841,0.000000,0.000000,1.000000;;
       }

       Frame Bip01_L_Toe0 {
        

        FrameTransformMatrix {
         -0.000001,0.000001,1.000000,0.000000,-0.000001,1.000000,-0.000001,0.000000,-1.000000,-0.000001,-0.000001,0.000000,0.065373,0.000000,0.066450,1.000000;;
        }

        Frame Bip01_L_Toe0Nub {
         

         FrameTransformMatrix {
          -1.000000,0.000000,-0.000000,0.000000,0.000000,1.000000,0.000000,0.000000,0.000000,-0.000000,-1.000000,0.000000,0.006735,0.000000,0.000000,1.000000;;
         }
        }
       }
      }
     }
    }

    Frame Bip01_R_Thigh {
     

     FrameTransformMatrix {
      -0.942133,-0.010450,0.335077,0.000000,0.012813,-0.999906,0.004841,0.000000,0.334995,0.008855,0.942178,0.000000,-0.050770,-0.055115,0.010115,1.000000;;
     }

     Frame Bip01_R_Calf {
      

      FrameTransformMatrix {
       0.190881,-0.000000,-0.981613,0.000000,-0.000000,1.000000,-0.000000,0.000000,0.981613,0.000000,0.190881,0.000000,0.237500,-0.000000,-0.000000,1.000000;;
      }

      Frame Bip01_R_Foot {
       

       FrameTransformMatrix {
        0.946980,0.019932,-0.320674,0.000000,0.011451,0.995346,0.095686,0.000000,0.321088,-0.094284,0.942344,0.000000,0.206841,0.000000,-0.000000,1.000000;;
       }

       Frame Bip01_R_Toe0 {
        

        FrameTransformMatrix {
         -0.000001,-0.000001,1.000000,0.000000,0.000001,1.000000,0.000001,0.000000,-1.000000,0.000001,-0.000001,0.000000,0.065373,0.000000,0.066450,1.000000;;
        }

        Frame Bip01_R_Toe0Nub {
         

         FrameTransformMatrix {
          1.000000,0.000000,0.000000,0.000000,0.000000,1.000000,-0.000000,0.000000,0.000000,0.000000,1.000000,0.000000,0.006735,0.000000,0.000000,1.000000;;
         }
        }
       }
      }
     }
    }
   }

   Frame Bip01_DressFront {
    

    FrameTransformMatrix {
     -0.733779,-0.190299,0.652193,0.000000,0.121847,0.907542,0.401896,0.000000,-0.668373,0.374370,-0.642748,0.000000,-0.043904,0.001345,0.061035,1.000000;;
    }

    Frame Bip01_DressFront02 {
     

     FrameTransformMatrix {
      0.912592,0.000001,0.408870,0.000000,-0.000001,1.000000,-0.000000,0.000000,-0.408870,-0.000000,0.912593,0.000000,0.183378,0.000000,-0.000120,1.000000;;
     }

     Frame Bip01_DressFrontNub {
      

      FrameTransformMatrix {
       0.000796,0.000003,1.000000,0.000000,-0.000000,-1.000000,0.000003,0.000000,1.000000,0.000000,-0.000796,0.000000,0.165302,-0.000000,0.000000,1.000000;;
      }
     }
    }
   }

   Frame Bip01_DressBack {
    

    FrameTransformMatrix {
     -0.886023,0.038029,0.462080,0.000000,0.191625,0.937561,0.290274,0.000000,-0.422190,0.345735,-0.837988,0.000000,-0.047673,-0.000048,-0.078302,1.000000;;
    }

    Frame Bip01_DressBack02 {
     

     FrameTransformMatrix {
      0.936852,0.174932,-0.302833,0.000000,-0.166408,0.984581,0.053939,0.000000,0.307600,-0.000139,0.951516,0.000000,0.176125,0.000000,-0.000103,1.000000;;
     }

     Frame Bip01_DressBackNub {
      

      FrameTransformMatrix {
       0.000796,0.000003,1.000000,0.000000,0.000000,-1.000000,0.000003,0.000000,1.000000,0.000000,-0.000796,0.000000,0.136508,0.000000,0.000000,1.000000;;
      }
     }
    }
   }
  }

  Frame Bip01_Prop1 {
   

   FrameTransformMatrix {
    0.381493,-0.911755,0.152201,0.000000,-0.382926,-0.006018,0.923760,0.000000,-0.841327,-0.410690,-0.351430,0.000000,0.402675,0.227803,-0.076841,1.000000;;
   }
  }

  Frame Bip01_Prop2 {
   

   FrameTransformMatrix {
    0.712110,0.344167,0.611922,0.000000,0.453363,0.440080,-0.775108,0.000000,-0.536061,0.829385,0.157353,0.000000,0.200485,0.125762,0.262935,1.000000;;
   }
  }
 }
}

Frame Translation_Data {
 

 FrameTransformMatrix {
  -0.000000,0.000000,-1.000000,0.000000,-1.000000,-0.000000,0.000000,0.000000,-0.000000,1.000000,0.000000,0.000000,0.000000,-0.000000,0.000000,1.000000;;
 }
}

Frame Body {
 

 FrameTransformMatrix {
  1.000000,0.000000,0.000000,0.000000,0.000000,1.000000,0.000000,0.000000,0.000000,0.000000,1.000000,0.000000,0.000000,0.000000,0.000000,1.000000;;
 }

 Mesh Body {
  617;
  0.090047;0.769587;-0.148250;,
  0.050116;0.781325;-0.177369;,
  0.062212;0.751055;-0.167375;,
  0.098501;0.754360;-0.135343;,
  0.105184;0.745362;-0.129401;,
  0.076828;0.719785;-0.156096;,
  0.085387;0.691629;-0.139951;,
  0.105244;0.717923;-0.107256;,
  0.031825;0.817804;-0.165147;,
  0.064377;0.811994;-0.130321;,
  0.058457;0.826001;-0.110490;,
  0.030311;0.824001;-0.124900;,
  0.090214;0.588645;-0.010543;,
  0.050875;0.594514;0.016668;,
  0.051840;0.607700;0.006738;,
  0.083793;0.600199;-0.016527;,
  0.074320;0.585056;-0.069316;,
  0.086333;0.563634;-0.045600;,
  0.043942;0.574551;-0.095580;,
  0.037350;0.526741;-0.072117;,
  0.067642;0.537512;-0.065753;,
  0.043587;0.707153;-0.176611;,
  0.040775;0.674886;-0.162706;,
  0.008773;0.594687;0.020119;,
  0.009023;0.609966;0.009386;,
  0.044009;0.717443;-0.033171;,
  -0.004934;0.714573;-0.041818;,
  -0.016301;0.749797;-0.064191;,
  0.035817;0.761618;-0.049311;,
  0.056346;0.516410;-0.085424;,
  0.065427;0.442033;-0.146468;,
  0.102546;0.424408;-0.122656;,
  0.090754;0.500059;-0.054355;,
  0.067059;0.362304;-0.202023;,
  0.094539;0.339937;-0.162924;,
  0.008744;0.512267;-0.074305;,
  0.008262;0.466203;0.008257;,
  0.021321;0.385459;-0.064189;,
  0.017052;0.427693;-0.127192;,
  0.039651;0.323424;-0.129944;,
  0.038010;0.340851;-0.168255;,
  0.085361;0.465123;-0.006516;,
  0.101075;0.389264;-0.068268;,
  0.080322;0.325667;-0.127640;,
  0.089387;0.074510;-0.243018;,
  0.045127;0.078594;-0.250046;,
  0.044931;0.054092;-0.207821;,
  0.079594;0.052233;-0.204646;,
  0.068210;0.296815;-0.199864;,
  0.067701;0.225668;-0.220571;,
  0.095963;0.214814;-0.192929;,
  0.098655;0.286461;-0.171918;,
  0.069933;0.149819;-0.240786;,
  0.088044;0.137823;-0.213538;,
  0.026223;0.272240;-0.184449;,
  0.025712;0.269898;-0.128762;,
  0.033182;0.210499;-0.156234;,
  0.037340;0.215560;-0.198557;,
  0.053896;0.139380;-0.190001;,
  0.051755;0.133894;-0.223134;,
  0.097524;0.276554;-0.123493;,
  0.095242;0.208957;-0.154839;,
  0.077961;0.143471;-0.186896;,
  0.090404;0.536534;-0.033521;,
  -0.005040;0.520590;-0.079079;,
  -0.006747;0.490920;-0.056652;,
  0.008744;0.512267;-0.074305;,
  0.096329;0.544977;0.020119;,
  0.048603;0.554928;0.046675;,
  0.086028;0.484735;0.012000;,
  0.042113;0.494168;0.038172;,
  0.047432;0.666402;-0.016327;,
  0.077492;0.710785;-0.039209;,
  0.092646;0.707802;-0.052548;,
  0.100125;0.683560;-0.097163;,
  0.079387;0.635193;-0.078318;,
  0.080881;0.655908;-0.034258;,
  0.077103;0.660461;-0.131071;,
  0.060372;0.618203;-0.103378;,
  0.021163;0.653114;-0.151192;,
  0.013740;0.611132;-0.110494;,
  0.130629;0.769930;-0.128125;,
  0.082041;0.746806;-0.128406;,
  0.165909;0.735325;-0.117047;,
  0.118972;0.698274;-0.120791;,
  0.150461;0.667700;-0.102711;,
  0.189459;0.696496;-0.100093;,
  0.079346;0.742233;-0.067712;,
  0.109819;0.703076;-0.055532;,
  0.118972;0.698274;-0.120791;,
  0.153070;0.657065;-0.054907;,
  0.150461;0.667700;-0.102711;,
  0.084383;0.748591;-0.059798;,
  0.121440;0.773717;-0.062935;,
  0.156656;0.740435;-0.051742;,
  0.192064;0.685606;-0.052294;,
  0.132048;0.777234;-0.099129;,
  0.193442;0.698719;-0.117158;,
  0.147673;0.664327;-0.121933;,
  0.179029;0.638589;-0.167061;,
  0.206972;0.661889;-0.162212;,
  0.199249;0.613153;-0.196493;,
  0.220723;0.629293;-0.197430;,
  0.147673;0.664327;-0.121933;,
  0.170829;0.626334;-0.077031;,
  0.207179;0.608747;-0.127174;,
  0.179029;0.638589;-0.167061;,
  0.223833;0.595054;-0.171951;,
  0.199249;0.613153;-0.196493;,
  0.216290;0.660614;-0.072244;,
  0.228340;0.626982;-0.123466;,
  0.236677;0.605547;-0.173033;,
  0.248270;0.587557;-0.297603;,
  0.235626;0.591214;-0.279979;,
  0.265689;0.581775;-0.243568;,
  0.277779;0.578378;-0.261272;,
  0.224944;0.594758;-0.264779;,
  0.236019;0.593265;-0.265738;,
  0.238135;0.601887;-0.272238;,
  0.223424;0.601267;-0.274341;,
  0.243140;0.580413;-0.207868;,
  0.268868;0.589449;-0.233408;,
  0.230080;0.620640;-0.250950;,
  0.206393;0.603308;-0.232313;,
  0.257983;0.613145;-0.196044;,
  0.280491;0.605601;-0.234864;,
  0.219440;0.637943;-0.220568;,
  0.242941;0.635841;-0.251006;,
  0.085162;0.817904;-0.108855;,
  0.107903;0.805929;-0.124065;,
  0.064377;0.811994;-0.130321;,
  0.078236;0.796279;-0.145850;,
  0.075466;0.763610;-0.051269;,
  0.053500;0.801351;-0.173947;,
  0.113929;0.780872;-0.130346;,
  0.090047;0.769587;-0.148250;,
  0.098501;0.754360;-0.135343;,
  0.105615;0.764651;-0.119887;,
  0.071865;0.801085;-0.073590;,
  0.028704;0.795329;-0.075788;,
  0.076162;0.802712;-0.077337;,
  -0.022387;0.775382;-0.095028;,
  -0.006703;0.803161;-0.145912;,
  0.058457;0.826001;-0.110490;,
  0.076162;0.802712;-0.077337;,
  0.088639;0.754426;-0.104301;,
  0.079057;0.790422;-0.077597;,
  0.082041;0.746806;-0.128406;,
  0.090141;0.744717;-0.071187;,
  0.097799;0.722483;-0.095784;,
  0.105184;0.745362;-0.129401;,
  0.088597;0.756500;-0.059920;,
  0.206393;0.603308;-0.232313;,
  0.037492;0.823646;-0.188629;,
  0.051751;0.813796;-0.202318;,
  0.004916;0.812803;-0.175743;,
  0.010955;0.823501;-0.187197;,
  0.242941;0.635841;-0.251006;,
  0.248270;0.587557;-0.297603;,
  0.277779;0.578378;-0.261272;,
  0.214316;0.602520;-0.249778;,
  0.217927;0.619618;-0.268899;,
  0.214316;0.602520;-0.249778;,
  0.231924;0.604593;-0.251350;,
  0.237678;0.626414;-0.261173;,
  0.237678;0.626414;-0.261173;,
  0.224944;0.594758;-0.264779;,
  0.223424;0.601267;-0.274341;,
  0.238135;0.601887;-0.272238;,
  0.104282;0.131091;-0.297687;,
  0.077154;0.148884;-0.334574;,
  0.079285;0.136315;-0.349961;,
  0.110625;0.115644;-0.314181;,
  0.042412;0.088519;-0.200631;,
  0.044931;0.054092;-0.207821;,
  0.045127;0.078594;-0.250046;,
  0.044051;0.101543;-0.239881;,
  0.053896;0.139380;-0.190001;,
  0.077961;0.143471;-0.186896;,
  0.083745;0.089050;-0.195506;,
  0.089387;0.074510;-0.243018;,
  0.079594;0.052233;-0.204646;,
  0.090809;0.105937;-0.227560;,
  0.069933;0.149819;-0.240786;,
  0.088044;0.137823;-0.213538;,
  0.043387;0.133108;-0.344384;,
  0.048655;0.142620;-0.329790;,
  0.110625;0.115644;-0.314181;,
  0.043387;0.133108;-0.344384;,
  0.017052;0.427693;-0.127192;,
  0.038010;0.340851;-0.168255;,
  0.026223;0.272240;-0.184449;,
  0.037340;0.215560;-0.198557;,
  0.051755;0.133894;-0.223134;,
  0.051755;0.133894;-0.223134;,
  -0.003484;0.491590;-0.004760;,
  0.068838;0.804449;-0.222551;,
  0.060247;0.797578;-0.240978;,
  0.051317;0.791355;-0.238227;,
  0.049167;0.800773;-0.214765;,
  0.061139;0.827275;-0.202608;,
  0.053223;0.840500;-0.184034;,
  0.042409;0.938609;-0.257597;,
  0.022728;0.943142;-0.258326;,
  0.022728;0.926282;-0.282961;,
  0.056645;0.864884;-0.292388;,
  0.052977;0.894200;-0.289239;,
  0.039686;0.862676;-0.298734;,
  0.074164;0.832330;-0.223647;,
  0.066126;0.816949;-0.247811;,
  0.067270;0.817118;-0.215776;,
  0.075288;0.869785;-0.212707;,
  0.075764;0.875720;-0.236510;,
  0.075048;0.910860;-0.248732;,
  0.066382;0.903865;-0.274347;,
  0.071531;0.866727;-0.261881;,
  0.061844;0.888017;-0.178891;,
  0.072681;0.876371;-0.197469;,
  0.022728;0.890918;-0.168064;,
  0.022728;0.935407;-0.189286;,
  0.055584;0.931699;-0.199016;,
  0.072005;0.844590;-0.256859;,
  0.057570;0.835448;-0.278891;,
  0.056769;0.805037;-0.259727;,
  0.042230;0.778774;-0.266925;,
  0.022728;0.773695;-0.275549;,
  0.022728;0.775410;-0.254477;,
  0.048486;0.914808;-0.283997;,
  0.062089;0.928551;-0.255388;,
  0.070729;0.925737;-0.217129;,
  0.057195;0.941276;-0.228843;,
  0.022728;0.950441;-0.221644;,
  0.039962;0.947824;-0.223539;,
  0.022728;0.851019;-0.172787;,
  0.070729;0.925737;-0.217129;,
  0.057195;0.941276;-0.228843;,
  0.078832;0.862906;-0.224930;,
  0.078634;0.834876;-0.224746;,
  0.085326;0.864865;-0.211806;,
  0.082192;0.882125;-0.223209;,
  0.085326;0.864865;-0.211806;,
  0.078634;0.834876;-0.224746;,
  0.082192;0.882125;-0.223209;,
  0.075764;0.875720;-0.236510;,
  0.076270;0.850668;-0.238860;,
  0.074164;0.832330;-0.223647;,
  0.057282;0.857355;-0.282811;,
  0.076270;0.850668;-0.238860;,
  0.053500;0.801351;-0.173947;,
  0.051751;0.813796;-0.202318;,
  0.078236;0.796279;-0.145850;,
  0.061139;0.827275;-0.202608;,
  0.035930;0.753968;-0.195026;,
  0.038478;0.732528;-0.184673;,
  0.000322;0.575731;-0.096242;,
  0.006639;0.556676;0.049701;,
  0.003503;0.523033;0.055614;,
  0.000862;0.499457;0.050083;,
  0.030486;0.773081;-0.228799;,
  -0.003484;0.491590;-0.004760;,
  0.039962;0.947824;-0.223539;,
  0.022728;0.950441;-0.221644;,
  0.042847;0.808956;-0.277527;,
  0.035310;0.830178;-0.288233;,
  0.035502;0.820626;-0.286841;,
  0.022728;0.914870;-0.293436;,
  0.022728;0.891143;-0.302628;,
  0.037603;0.855444;-0.288111;,
  0.001747;0.665985;-0.019510;,
  0.078236;0.796279;-0.145850;,
  0.079285;0.136315;-0.349961;,
  0.042252;0.802509;-0.276185;,
  0.034585;0.799331;-0.282700;,
  0.034400;0.804673;-0.279951;,
  0.022728;0.825674;-0.302275;,
  0.022728;0.818823;-0.291608;,
  0.034148;0.807746;-0.285352;,
  0.022728;0.804883;-0.280510;,
  0.022728;0.797249;-0.285127;,
  0.022728;0.860468;-0.305080;,
  0.022728;0.851853;-0.299676;,
  0.079057;0.790422;-0.077597;,
  0.022728;0.807205;-0.289048;,
  0.076174;0.763915;-0.096499;,
  0.088639;0.754426;-0.104301;,
  0.105184;0.745362;-0.129401;,
  0.072681;0.876371;-0.197469;,
  0.068210;0.296815;-0.199864;,
  -0.007945;0.289532;-0.190233;,
  -0.001640;0.213466;-0.204709;,
  0.067701;0.225668;-0.220571;,
  0.067059;0.362304;-0.202023;,
  0.000191;0.349288;-0.188492;,
  0.065427;0.442033;-0.146468;,
  -0.000865;0.427021;-0.136069;,
  0.056346;0.516410;-0.085424;,
  0.005778;0.503912;-0.093080;,
  0.037350;0.526741;-0.072117;,
  -0.005269;0.143231;-0.221133;,
  0.069933;0.149819;-0.240786;,
  0.035604;0.198569;-0.127989;,
  0.039414;0.132704;-0.151553;,
  -0.003418;0.197374;-0.026002;,
  -0.003799;0.249971;-0.012394;,
  -0.005570;0.302214;-0.003262;,
  0.029573;0.263859;-0.116002;,
  -0.005152;0.345282;0.019141;,
  0.031385;0.308917;-0.103818;,
  0.019722;0.377672;-0.051514;,
  -0.003489;0.416782;0.029701;,
  0.001744;0.496363;0.060503;,
  0.076174;0.763915;-0.096499;,
  -0.034671;0.736349;-0.211631;,
  -0.042320;0.714849;-0.206256;,
  0.005699;0.730593;-0.195964;,
  0.002399;0.763827;-0.201102;,
  -0.038198;0.694012;-0.202389;,
  -0.054558;0.677927;-0.167996;,
  -0.009821;0.667799;-0.176140;,
  0.007336;0.694624;-0.191250;,
  -0.017563;0.799579;-0.189502;,
  -0.049269;0.795188;-0.165158;,
  -0.072029;0.780836;-0.176673;,
  -0.049287;0.780670;-0.188360;,
  -0.075280;0.605863;-0.000360;,
  -0.068343;0.615522;-0.009040;,
  -0.033426;0.616288;0.010936;,
  -0.032570;0.603196;0.021803;,
  -0.067293;0.599320;-0.062346;,
  -0.080892;0.581031;-0.035309;,
  -0.042368;0.583244;-0.091331;,
  -0.070767;0.549561;-0.058776;,
  -0.044103;0.535216;-0.067105;,
  0.009023;0.609966;0.009386;,
  0.008773;0.594687;0.020119;,
  -0.052053;0.705976;-0.055532;,
  -0.064651;0.736472;-0.087499;,
  -0.016301;0.749797;-0.064191;,
  -0.004934;0.714573;-0.041818;,
  -0.060012;0.497570;-0.059759;,
  -0.093778;0.506459;-0.023112;,
  -0.109379;0.407187;-0.013935;,
  -0.071569;0.401144;-0.042030;,
  -0.106446;0.318370;0.016132;,
  -0.079465;0.293253;-0.011233;,
  -0.010418;0.499134;-0.038599;,
  -0.023880;0.402398;-0.016699;,
  -0.029885;0.417200;0.057572;,
  -0.010801;0.495661;0.048774;,
  -0.050115;0.311634;0.014500;,
  -0.051253;0.336153;0.038126;,
  -0.109341;0.420660;0.049419;,
  -0.088316;0.501035;0.038464;,
  -0.091771;0.340620;0.036678;,
  -0.098379;0.342548;0.283379;,
  -0.093670;0.385500;0.269325;,
  -0.058813;0.385747;0.269220;,
  -0.053484;0.339627;0.284318;,
  -0.080331;0.292015;0.064934;,
  -0.109125;0.323199;0.068622;,
  -0.104946;0.320575;0.143171;,
  -0.078334;0.289672;0.138971;,
  -0.095743;0.317897;0.221299;,
  -0.077560;0.289079;0.222054;,
  -0.036886;0.310867;0.083952;,
  -0.046692;0.311908;0.142586;,
  -0.040475;0.353884;0.136802;,
  -0.033804;0.365281;0.072270;,
  -0.059578;0.315602;0.227645;,
  -0.061775;0.338398;0.209307;,
  -0.102323;0.358834;0.139291;,
  -0.105493;0.372441;0.066066;,
  -0.085871;0.339082;0.204805;,
  -0.088939;0.555193;-0.022485;,
  -0.010418;0.499134;-0.038599;,
  -0.034842;0.563609;0.051810;,
  -0.086455;0.563993;0.031366;,
  -0.039279;0.519320;0.058958;,
  -0.086338;0.514884;0.040190;,
  -0.043375;0.664714;-0.026761;,
  -0.077017;0.692341;-0.075175;,
  -0.083058;0.686828;-0.093447;,
  -0.071107;0.653083;-0.051723;,
  -0.058031;0.632639;-0.094108;,
  -0.063632;0.664012;-0.135281;,
  -0.033176;0.616464;-0.114128;,
  -0.023281;0.648478;-0.154438;,
  -0.086217;0.753368;-0.236818;,
  -0.115296;0.724867;-0.266935;,
  -0.047822;0.722903;-0.214607;,
  -0.139269;0.688015;-0.287352;,
  -0.105624;0.655189;-0.275213;,
  -0.074115;0.683415;-0.253679;,
  -0.086185;0.695475;-0.176033;,
  -0.074115;0.683415;-0.253679;,
  -0.111956;0.661486;-0.204155;,
  -0.105624;0.655189;-0.275213;,
  -0.138453;0.628154;-0.250791;,
  -0.095946;0.699265;-0.171701;,
  -0.153132;0.703180;-0.217189;,
  -0.123866;0.730538;-0.187726;,
  -0.172062;0.660749;-0.263033;,
  -0.107650;0.749394;-0.216299;,
  -0.130950;0.697213;-0.299930;,
  -0.106095;0.683430;-0.352481;,
  -0.079664;0.658607;-0.346762;,
  -0.090246;0.658786;-0.287012;,
  -0.088417;0.669694;-0.397137;,
  -0.072973;0.648592;-0.388527;,
  -0.090246;0.658786;-0.287012;,
  -0.079664;0.658607;-0.346762;,
  -0.123510;0.622207;-0.351917;,
  -0.132851;0.612133;-0.289019;,
  -0.072973;0.648592;-0.388527;,
  -0.105612;0.631774;-0.397564;,
  -0.143617;0.641525;-0.355985;,
  -0.173326;0.650393;-0.301773;,
  -0.113798;0.642843;-0.401901;,
  -0.022054;0.655589;-0.489498;,
  -0.069507;0.655032;-0.494287;,
  -0.076848;0.650647;-0.474337;,
  -0.028986;0.651213;-0.469086;,
  -0.035032;0.647878;-0.451478;,
  -0.025431;0.654332;-0.452982;,
  -0.035225;0.660821;-0.462103;,
  -0.040595;0.651339;-0.460582;,
  -0.093817;0.635208;-0.438860;,
  -0.050173;0.643448;-0.416514;,
  -0.045578;0.671444;-0.436615;,
  -0.085860;0.657531;-0.467744;,
  -0.088840;0.677116;-0.470120;,
  -0.107143;0.669276;-0.429205;,
  -0.062170;0.678477;-0.404817;,
  -0.050527;0.690514;-0.439498;,
  -0.077203;0.784788;-0.194922;,
  -0.074309;0.767994;-0.219357;,
  -0.039325;0.766258;-0.207022;,
  -0.049287;0.780670;-0.188360;,
  -0.089893;0.722222;-0.114122;,
  -0.012387;0.776932;-0.206248;,
  -0.066483;0.743792;-0.222234;,
  -0.067905;0.732542;-0.208927;,
  -0.042320;0.714849;-0.206256;,
  -0.034671;0.736349;-0.211631;,
  -0.093352;0.741054;-0.158994;,
  -0.093527;0.741609;-0.165045;,
  -0.069416;0.759804;-0.125424;,
  -0.022387;0.775382;-0.095028;,
  -0.006703;0.803161;-0.145912;,
  -0.072029;0.780836;-0.176673;,
  -0.093527;0.741609;-0.165045;,
  -0.056690;0.706114;-0.178325;,
  -0.047822;0.722903;-0.214607;,
  -0.089154;0.733127;-0.164849;,
  -0.059123;0.683207;-0.155430;,
  -0.078989;0.702385;-0.135473;,
  -0.038198;0.694012;-0.202389;,
  -0.089967;0.711807;-0.127791;,
  -0.050173;0.643448;-0.416514;,
  -0.013700;0.797752;-0.212406;,
  -0.010928;0.811777;-0.196092;,
  0.010955;0.823501;-0.187197;,
  0.004916;0.812803;-0.175743;,
  -0.050527;0.690514;-0.439498;,
  -0.022054;0.655589;-0.489498;,
  -0.069507;0.655032;-0.494287;,
  -0.024267;0.667756;-0.438319;,
  -0.040353;0.648380;-0.432252;,
  -0.040353;0.648380;-0.432252;,
  -0.048535;0.657879;-0.444888;,
  -0.040599;0.681172;-0.445336;,
  -0.040599;0.681172;-0.445336;,
  -0.025431;0.654332;-0.452982;,
  -0.035032;0.647878;-0.451478;,
  -0.035225;0.660821;-0.462103;,
  -0.104620;0.262793;0.286870;,
  -0.110180;0.262695;0.309673;,
  -0.074366;0.227069;0.321411;,
  -0.073045;0.228122;0.301500;,
  -0.055067;0.365186;0.240821;,
  -0.052112;0.329406;0.261410;,
  -0.053484;0.339627;0.284318;,
  -0.058813;0.385747;0.269220;,
  -0.061775;0.338398;0.209307;,
  -0.096607;0.363735;0.238117;,
  -0.085871;0.339082;0.204805;,
  -0.098379;0.342548;0.283379;,
  -0.099529;0.329254;0.250966;,
  -0.093670;0.385500;0.269325;,
  -0.077560;0.289079;0.222054;,
  -0.095743;0.317897;0.221299;,
  -0.045552;0.238999;0.301106;,
  -0.039426;0.236993;0.318126;,
  -0.039426;0.236993;0.318126;,
  -0.110180;0.262695;0.309673;,
  -0.023880;0.402398;-0.016699;,
  -0.050115;0.311634;0.014500;,
  -0.036886;0.310867;0.083952;,
  -0.046692;0.311908;0.142586;,
  -0.059578;0.315602;0.227645;,
  -0.059578;0.315602;0.227645;,
  -0.023382;0.804448;-0.222551;,
  -0.001533;0.788344;-0.222580;,
  -0.005861;0.791355;-0.238227;,
  -0.014791;0.797578;-0.240978;,
  -0.015683;0.827275;-0.202608;,
  -0.007767;0.840500;-0.184034;,
  0.003047;0.938609;-0.257597;,
  0.022728;0.943142;-0.258326;,
  -0.011189;0.864884;-0.292388;,
  0.005770;0.862676;-0.298734;,
  -0.007521;0.894200;-0.289239;,
  -0.020670;0.816949;-0.247811;,
  -0.028708;0.832330;-0.223647;,
  -0.021814;0.817118;-0.215776;,
  -0.029832;0.869785;-0.212707;,
  -0.030308;0.875720;-0.236510;,
  -0.026075;0.866727;-0.261881;,
  -0.020926;0.903865;-0.274347;,
  -0.029592;0.910860;-0.248732;,
  -0.027225;0.876371;-0.197469;,
  -0.016388;0.888017;-0.178891;,
  0.022728;0.890918;-0.168064;,
  -0.010128;0.931699;-0.199016;,
  0.022728;0.935407;-0.189286;,
  -0.026549;0.844590;-0.256859;,
  -0.011313;0.805037;-0.259727;,
  -0.012114;0.835448;-0.278891;,
  0.003226;0.778774;-0.266925;,
  -0.003030;0.914808;-0.283997;,
  -0.016633;0.928551;-0.255388;,
  -0.011739;0.941276;-0.228843;,
  -0.025273;0.925737;-0.217129;,
  0.005494;0.947824;-0.223539;,
  0.022728;0.950441;-0.221644;,
  0.022728;0.851019;-0.172787;,
  -0.025273;0.925737;-0.217129;,
  -0.011739;0.941276;-0.228843;,
  -0.039700;0.864865;-0.211806;,
  -0.033081;0.834876;-0.224746;,
  -0.033376;0.862906;-0.224930;,
  -0.036553;0.882125;-0.223209;,
  -0.033081;0.834876;-0.224746;,
  -0.039700;0.864865;-0.211806;,
  -0.036553;0.882125;-0.223209;,
  -0.030308;0.875720;-0.236510;,
  -0.030814;0.850668;-0.238860;,
  -0.028708;0.832330;-0.223647;,
  -0.011826;0.857355;-0.282811;,
  -0.030814;0.850668;-0.238860;,
  -0.013700;0.797752;-0.212406;,
  -0.012387;0.776932;-0.206248;,
  -0.039325;0.766258;-0.207022;,
  -0.015683;0.827275;-0.202608;,
  0.006639;0.556676;0.049701;,
  0.003503;0.523033;0.055614;,
  0.000862;0.499457;0.050083;,
  -0.003484;0.491590;-0.004760;,
  0.005494;0.947824;-0.223539;,
  0.022728;0.950441;-0.221644;,
  0.002609;0.808956;-0.277527;,
  0.009954;0.820626;-0.286841;,
  0.010146;0.830178;-0.288233;,
  0.007853;0.855444;-0.288111;,
  0.001747;0.665985;-0.019510;,
  -0.039325;0.766258;-0.207022;,
  -0.074366;0.227069;0.321411;,
  0.010871;0.799331;-0.282700;,
  0.003204;0.802509;-0.276185;,
  0.011056;0.804673;-0.279951;,
  0.011308;0.807746;-0.285352;,
  -0.089154;0.733127;-0.164849;,
  -0.060332;0.716559;-0.166938;,
  -0.056690;0.706114;-0.178325;,
  -0.038198;0.694012;-0.202389;,
  -0.027225;0.876371;-0.197469;,
  -0.061275;0.266409;-0.036250;,
  -0.071996;0.227527;0.004286;,
  -0.049832;0.212872;-0.125184;,
  -0.043393;0.278039;-0.128440;,
  -0.059158;0.309791;-0.070373;,
  -0.042022;0.329829;-0.135193;,
  -0.032167;0.399622;-0.069700;,
  -0.023425;0.405966;-0.105165;,
  -0.013536;0.482229;-0.069150;,
  -0.006174;0.482514;-0.079646;,
  -0.005040;0.520590;-0.079079;,
  -0.044103;0.535216;-0.067105;,
  -0.077818;0.188280;0.038715;,
  -0.056504;0.157301;-0.125389;,
  -0.034947;0.350163;0.192136;,
  -0.085857;0.339083;0.204804;,
  -0.102323;0.358834;0.139291;,
  -0.038083;0.360354;0.128042;,
  -0.105493;0.372441;0.066066;,
  -0.040467;0.380373;0.077608;,
  -0.042479;0.355417;0.056681;,
  -0.091771;0.340620;0.036678;,
  -0.109341;0.420660;0.049419;,
  -0.028473;0.420251;0.074749;,
  0.003503;0.523033;0.055614;,
  -0.039279;0.519320;0.058958;,
  -0.060332;0.716559;-0.166938;,
  -0.060012;0.497570;-0.059759;,
  -0.071569;0.401144;-0.042030;,
  -0.079465;0.293253;-0.011233;,
  -0.080331;0.292015;0.064934;,
  -0.078334;0.289672;0.138971;,
  -0.077560;0.289079;0.222054;,
  0.085361;0.465123;-0.006516;,
  0.101075;0.389264;-0.068268;,
  0.042113;0.494168;0.038172;,
  0.080322;0.325667;-0.127640;,
  0.097524;0.276554;-0.123493;,
  0.095242;0.208957;-0.154839;,
  0.077961;0.143471;-0.186896;,
  -0.088316;0.501035;0.038464;;
  916;
  3;0,2,1;,
  3;2,0,3;,
  3;4,6,5;,
  3;6,4,7;,
  3;8,10,9;,
  3;10,8,11;,
  3;12,14,13;,
  3;14,12,15;,
  3;16,12,17;,
  3;12,16,15;,
  3;18,20,19;,
  3;20,18,16;,
  3;5,22,21;,
  3;22,5,6;,
  3;13,24,23;,
  3;24,13,14;,
  3;25,27,26;,
  3;27,25,28;,
  3;29,31,30;,
  3;31,29,32;,
  3;31,33,30;,
  3;33,31,34;,
  3;35,37,36;,
  3;37,35,38;,
  3;38,39,37;,
  3;39,38,40;,
  3;36,42,41;,
  3;42,36,37;,
  3;37,43,42;,
  3;43,37,39;,
  3;41,31,32;,
  3;31,41,42;,
  3;42,34,31;,
  3;34,42,43;,
  3;44,46,45;,
  3;46,44,47;,
  3;48,50,49;,
  3;50,48,51;,
  3;49,53,52;,
  3;53,49,50;,
  3;54,56,55;,
  3;56,54,57;,
  3;57,58,56;,
  3;58,57,59;,
  3;55,61,60;,
  3;61,55,56;,
  3;56,62,61;,
  3;62,56,58;,
  3;60,50,51;,
  3;50,60,61;,
  3;61,53,50;,
  3;53,61,62;,
  3;32,20,63;,
  3;20,32,29;,
  3;64,66,65;,
  3;66,64,19;,
  3;13,67,12;,
  3;67,13,68;,
  3;68,69,67;,
  3;69,68,70;,
  3;70,41,69;,
  3;41,70,36;,
  3;48,34,51;,
  3;34,48,33;,
  3;51,43,60;,
  3;43,51,34;,
  3;43,55,60;,
  3;55,43,39;,
  3;39,54,55;,
  3;54,39,40;,
  3;12,63,17;,
  3;63,12,67;,
  3;67,32,63;,
  3;32,67,69;,
  3;69,41,32;,
  3;71,72,25;,
  3;73,75,74;,
  3;75,73,76;,
  3;75,77,74;,
  3;77,75,78;,
  3;79,78,80;,
  3;78,79,77;,
  3;81,83,82;,
  3;83,85,84;,
  3;85,83,86;,
  3;87,89,88;,
  3;89,90,88;,
  3;90,89,91;,
  3;92,94,93;,
  3;92,88,94;,
  3;92,87,88;,
  3;88,95,94;,
  3;95,88,90;,
  3;96,94,83;,
  3;94,86,83;,
  3;86,94,95;,
  3;97,99,98;,
  3;99,97,100;,
  3;100,101,99;,
  3;101,100,102;,
  3;103,105,104;,
  3;105,103,106;,
  3;106,107,105;,
  3;107,106,108;,
  3;104,110,109;,
  3;110,104,105;,
  3;105,111,110;,
  3;111,105,107;,
  3;109,100,97;,
  3;100,109,110;,
  3;110,102,100;,
  3;102,110,111;,
  3;112,114,113;,
  3;114,112,115;,
  3;116,118,117;,
  3;118,116,119;,
  3;120,122,121;,
  3;122,120,123;,
  3;120,125,124;,
  3;125,120,121;,
  3;126,125,127;,
  3;125,126,124;,
  3;95,97,86;,
  3;97,95,109;,
  3;86,98,85;,
  3;98,86,97;,
  3;90,103,104;,
  3;103,90,91;,
  3;104,95,90;,
  3;95,104,109;,
  3;128,96,129;,
  3;96,128,93;,
  3;129,130,128;,
  3;130,129,131;,
  3;72,28,25;,
  3;28,72,132;,
  3;9,133,8;,
  3;134,136,135;,
  3;136,134,137;,
  3;81,137,134;,
  3;138,11,139;,
  3;138,10,11;,
  3;138,140,10;,
  3;141,11,142;,
  3;11,141,139;,
  3;128,130,143;,
  3;93,144,92;,
  3;93,143,144;,
  3;93,128,143;,
  3;145,87,146;,
  3;87,145,147;,
  3;74,148,73;,
  3;148,74,149;,
  3;150,147,145;,
  3;7,149,74;,
  3;148,151,73;,
  3;102,152,101;,
  3;152,102,126;,
  3;102,124,126;,
  3;124,102,111;,
  3;111,120,124;,
  3;120,111,107;,
  3;120,108,123;,
  3;108,120,107;,
  3;8,154,153;,
  3;154,8,133;,
  3;153,155,8;,
  3;155,153,156;,
  3;121,113,114;,
  3;113,121,122;,
  3;122,112,113;,
  3;112,122,157;,
  3;158,125,159;,
  3;125,158,127;,
  3;159,121,114;,
  3;121,159,125;,
  3;126,160,152;,
  3;160,126,161;,
  3;162,122,123;,
  3;122,162,163;,
  3;122,164,157;,
  3;164,122,163;,
  3;165,126,127;,
  3;126,165,161;,
  3;161,166,160;,
  3;166,161,167;,
  3;162,117,163;,
  3;117,162,116;,
  3;163,118,164;,
  3;118,163,117;,
  3;165,167,161;,
  3;167,165,168;,
  3;169,171,170;,
  3;171,169,172;,
  3;173,175,174;,
  3;175,173,176;,
  3;177,179,178;,
  3;179,177,173;,
  3;180,179,181;,
  3;179,180,182;,
  3;183,169,170;,
  3;169,183,184;,
  3;175,186,185;,
  3;186,175,176;,
  3;45,187,44;,
  3;187,45,188;,
  3;180,169,182;,
  3;169,180,172;,
  3;19,29,66;,
  3;20,29,19;,
  3;29,30,189;,
  3;30,190,189;,
  3;190,30,33;,
  3;33,191,190;,
  3;191,33,48;,
  3;191,49,192;,
  3;49,191,48;,
  3;192,52,193;,
  3;52,192,49;,
  3;194,170,186;,
  3;170,194,183;,
  3;170,185,186;,
  3;185,170,171;,
  3;186,176,194;,
  3;194,173,177;,
  3;173,194,176;,
  3;179,174,181;,
  3;174,179,173;,
  3;178,182,184;,
  3;182,178,179;,
  3;182,169,184;,
  3;16,17,20;,
  3;17,63,20;,
  3;66,195,65;,
  3;196,198,197;,
  3;198,196,199;,
  3;200,153,154;,
  3;153,200,201;,
  3;202,204,203;,
  3;205,207,206;,
  3;196,209,208;,
  3;209,196,197;,
  3;210,208,211;,
  3;208,210,196;,
  3;212,214,213;,
  3;214,212,215;,
  3;212,213,211;,
  3;201,217,216;,
  3;217,201,200;,
  3;218,220,219;,
  3;220,218,216;,
  3;210,199,196;,
  3;214,205,206;,
  3;221,223,222;,
  3;197,198,224;,
  3;224,226,225;,
  3;226,224,198;,
  3;227,214,206;,
  3;228,229,213;,
  3;229,228,230;,
  3;219,232,231;,
  3;214,228,213;,
  3;156,201,233;,
  3;201,156,153;,
  3;233,216,218;,
  3;216,233,201;,
  3;220,216,234;,
  3;235,220,234;,
  3;236,238,237;,
  3;238,236,239;,
  3;208,240,211;,
  3;240,208,241;,
  3;211,242,212;,
  3;242,211,240;,
  3;243,236,244;,
  3;236,243,239;,
  3;244,237,245;,
  3;237,244,236;,
  3;246,221,222;,
  3;221,246,215;,
  3;221,212,247;,
  3;212,221,215;,
  3;199,248,1;,
  3;248,199,249;,
  3;133,9,250;,
  3;249,210,251;,
  3;210,249,199;,
  3;210,211,251;,
  3;252,2,253;,
  3;2,252,1;,
  3;19,254,18;,
  3;254,19,64;,
  3;23,68,13;,
  3;68,23,255;,
  3;68,256,70;,
  3;256,68,255;,
  3;256,36,70;,
  3;36,256,257;,
  3;258,1,252;,
  3;1,258,199;,
  3;257,259,36;,
  3;36,259,35;,
  3;260,203,261;,
  3;203,260,202;,
  3;262,263,222;,
  3;263,262,264;,
  3;198,258,226;,
  3;258,198,199;,
  3;265,204,227;,
  3;265,206,266;,
  3;206,265,227;,
  3;222,267,246;,
  3;267,222,263;,
  3;89,87,147;,
  3;82,83,84;,
  3;78,16,18;,
  3;16,78,75;,
  3;75,15,16;,
  3;15,75,76;,
  3;15,71,14;,
  3;71,15,76;,
  3;14,268,24;,
  3;268,14,71;,
  3;248,269,1;,
  3;1,269,0;,
  3;135,129,134;,
  3;129,135,131;,
  3;134,96,81;,
  3;96,134,129;,
  3;96,83,81;,
  3;94,96,93;,
  3;29,189,66;,
  3;205,215,246;,
  3;267,205,246;,
  3;205,267,207;,
  3;205,214,215;,
  3;187,188,270;,
  3;224,272,271;,
  3;223,221,209;,
  3;224,223,197;,
  3;271,273,262;,
  3;273,271,272;,
  3;263,275,274;,
  3;273,276,262;,
  3;277,272,278;,
  3;272,277,273;,
  3;223,271,262;,
  3;271,223,224;,
  3;223,209,197;,
  3;208,221,247;,
  3;221,208,209;,
  3;222,223,262;,
  3;266,207,279;,
  3;207,266,206;,
  3;207,280,279;,
  3;280,207,267;,
  3;280,263,274;,
  3;263,280,267;,
  3;264,262,276;,
  3;76,73,72;,
  3;138,281,140;,
  3;73,132,72;,
  3;132,73,151;,
  3;72,71,76;,
  3;272,225,278;,
  3;155,11,8;,
  3;276,277,282;,
  3;277,276,273;,
  3;275,276,282;,
  3;276,275,264;,
  3;28,141,27;,
  3;141,28,139;,
  3;139,132,138;,
  3;132,139,28;,
  3;132,281,138;,
  3;281,132,151;,
  3;281,148,283;,
  3;148,281,151;,
  3;283,149,284;,
  3;149,283,148;,
  3;7,284,149;,
  3;284,7,4;,
  3;6,79,22;,
  3;79,6,77;,
  3;77,7,74;,
  3;7,77,6;,
  3;5,3,4;,
  3;3,5,2;,
  3;285,137,82;,
  3;137,285,136;,
  3;137,81,82;,
  3;92,146,87;,
  3;146,92,144;,
  3;2,21,253;,
  3;21,2,5;,
  3;286,213,229;,
  3;251,211,286;,
  3;213,286,211;,
  3;234,216,217;,
  3;227,202,228;,
  3;202,230,228;,
  3;230,202,260;,
  3;232,220,235;,
  3;228,214,227;,
  3;26,71,25;,
  3;71,26,268;,
  3;155,142,11;,
  3;18,80,78;,
  3;80,18,254;,
  3;272,224,225;,
  3;275,263,264;,
  3;202,227,204;,
  3;232,219,220;,
  3;287,289,288;,
  3;289,287,290;,
  3;291,288,292;,
  3;288,291,287;,
  3;293,292,294;,
  3;292,293,291;,
  3;295,294,296;,
  3;294,295,293;,
  3;296,297,295;,
  3;298,290,299;,
  3;290,298,289;,
  3;300,302,301;,
  3;302,300,303;,
  3;304,300,305;,
  3;300,304,303;,
  3;306,305,307;,
  3;305,306,304;,
  3;308,306,307;,
  3;306,308,309;,
  3;308,310,309;,
  3;145,146,311;,
  3;312,314,313;,
  3;314,312,315;,
  3;316,318,317;,
  3;318,316,319;,
  3;320,322,321;,
  3;322,320,323;,
  3;324,326,325;,
  3;326,324,327;,
  3;328,324,325;,
  3;324,328,329;,
  3;330,331,328;,
  3;331,330,332;,
  3;319,22,318;,
  3;22,319,21;,
  3;327,333,326;,
  3;333,327,334;,
  3;335,337,336;,
  3;337,335,338;,
  3;339,341,340;,
  3;341,339,342;,
  3;341,344,343;,
  3;344,341,342;,
  3;345,347,346;,
  3;347,345,348;,
  3;346,350,349;,
  3;350,346,347;,
  3;348,351,347;,
  3;351,348,352;,
  3;347,353,350;,
  3;353,347,351;,
  3;352,341,351;,
  3;341,352,340;,
  3;351,343,353;,
  3;343,351,341;,
  3;354,356,355;,
  3;356,354,357;,
