xof 0303txt 0032
template XSkinMeshHeader {
 <3cf169ce-ff7c-44ab-93c0-f78f62d172e2>
 WORD nMaxSkinWeightsPerVertex;
 WORD nMaxSkinWeightsPerFace;
 WORD nBones;
}

template VertexDuplicationIndices {
 <b8d65549-d7c9-4995-89cf-53a9a8b031e3>
 DWORD nIndices;
 DWORD nOriginalVertices;
 array DWORD indices[nIndices];
}

template SkinWeights {
 <6f0d123b-bad2-4167-a0d0-80224f25fabb>
 STRING transformNodeName;
 DWORD nWeights;
 array DWORD vertexIndices[nWeights];
 array FLOAT weights[nWeights];
 Matrix4x4 matrixOffset;
}

template AnimTicksPerSecond {
 <9e415a43-7ba6-4a73-8743-b73d47e88476>
 DWORD AnimTicksPerSecond;
}

template VertexElement {
 <f752461c-1e23-48f6-b9f8-8350850f336f>
 DWORD Type;
 DWORD Method;
 DWORD Usage;
 DWORD UsageIndex;
}

template DeclData {
 <bf22e553-292c-4781-9fea-62bd554bdd93>
 DWORD nElements;
 array VertexElement Elements[nElements];
 DWORD nDWords;
 array DWORD data[nDWords];
}


AnimTicksPerSecond {
 4800;
}

Frame Dummy01 {
 

 FrameTransformMatrix {
  1.000000,0.000000,0.000000,0.000000,0.000000,-0.000000,-1.000000,0.000000,0.000000,1.000000,-0.000000,0.000000,0.000000,0.000000,0.000000,1.000000;;
 }

 Frame Bip01 {
  

  FrameTransformMatrix {
   0.484444,0.819615,-0.305852,0.000000,0.122471,0.282633,0.951378,0.000000,0.866207,-0.498347,0.036540,0.000000,0.000000,-0.050407,0.508268,1.000000;;
  }

  Frame Bip01_Pelvis {
   

   FrameTransformMatrix {
    -0.000000,1.000000,-0.000001,0.000000,0.087154,0.000001,0.996195,0.000000,0.996195,-0.000000,-0.087154,0.000000,0.000000,0.000000,0.000000,1.000000;;
   }

   Frame Bip01_Spine {
    

    FrameTransformMatrix {
     0.998192,-0.005238,-0.059886,0.000000,-0.000001,0.996195,-0.087152,0.000000,0.060114,0.086994,0.994393,0.000000,0.051628,-0.000007,-0.000084,1.000000;;
    }

    Frame Bip01_Spine1 {
     

     FrameTransformMatrix {
      0.944325,-0.155507,0.289944,0.000000,0.115540,0.981865,0.150304,0.000000,-0.308059,-0.108436,0.945167,0.000000,0.106506,0.000009,-0.000080,1.000000;;
     }

     Frame Bip01_Neck {
      

      FrameTransformMatrix {
       0.903366,0.000001,0.428870,0.000000,-0.000001,1.000000,-0.000000,0.000000,-0.428870,-0.000000,0.903366,0.000000,0.130516,0.000000,0.004628,1.000000;;
      }

      Frame Bip01_Head {
       

       FrameTransformMatrix {
        0.909553,-0.336216,0.244276,0.000000,0.282255,0.931187,0.230699,0.000000,-0.305032,-0.140885,0.941864,0.000000,0.033674,0.000000,-0.000000,1.000000;;
       }

       Frame Bip01_HeadNub {
        

        FrameTransformMatrix {
         1.000000,0.000000,0.000000,0.000000,0.000000,1.000000,0.000000,0.000000,-0.000000,0.000000,1.000000,0.000000,0.169824,0.000000,0.000000,1.000000;;
        }
       }
      }

      Frame Bip01_L_Clavicle {
       

       FrameTransformMatrix {
        -0.000000,1.000000,-0.000003,0.000000,0.903024,-0.000001,-0.429589,0.000000,-0.429589,-0.000002,-0.903024,0.000000,-0.023698,0.015715,0.006128,1.000000;;
       }

       Frame Bip01_L_UpperArm {
        

        FrameTransformMatrix {
         0.255479,-0.912319,-0.320008,0.000000,0.628607,0.408225,-0.661971,0.000000,0.734563,-0.032039,0.677783,0.000000,0.087086,-0.000000,-0.000000,1.000000;;
        }

        Frame Bip01_L_Forearm {
         

         FrameTransformMatrix {
          0.823668,0.000000,-0.567072,0.000000,-0.000000,1.000000,0.000000,0.000000,0.567072,-0.000000,0.823668,0.000000,0.137062,0.000000,0.000000,1.000000;;
         }

         Frame Bip01_L_Hand {
          

          FrameTransformMatrix {
           0.971486,-0.212704,0.104747,0.000000,-0.102153,0.023181,0.994499,0.000000,-0.213962,-0.976842,0.000792,0.000000,0.137062,0.000000,-0.000000,1.000000;;
          }

          Frame Bip01_L_Finger0 {
           

           FrameTransformMatrix {
            0.556874,-0.020367,0.830347,0.000000,0.558537,0.749101,-0.356210,0.000000,-0.614759,0.662144,0.428531,0.000000,0.057681,-0.023605,-0.000272,1.000000;;
           }

           Frame Bip01_L_Finger0Nub {
            

            FrameTransformMatrix {
             1.000000,0.000000,-0.000000,0.000000,0.000000,1.000000,-0.000000,0.000000,0.000000,0.000000,1.000000,0.000000,0.029435,-0.000000,0.000000,1.000000;;
            }
           }
          }

          Frame Bip01_L_Finger1 {
           

           FrameTransformMatrix {
            -0.342274,-0.000748,0.939600,0.000000,0.000000,1.000000,0.000796,0.000000,-0.939600,0.000273,-0.342274,0.000000,0.084102,0.000000,-0.000000,1.000000;;
           }

           Frame Bip01_L_Finger1Nub {
            

            FrameTransformMatrix {
             1.000000,-0.000000,-0.000000,0.000000,0.000000,1.000000,0.000000,0.000000,0.000000,0.000000,1.000000,0.000000,0.047988,-0.000000,0.000000,1.000000;;
            }
           }
          }
         }
        }
       }
      }

      Frame Bip01_R_Clavicle {
       

       FrameTransformMatrix {
        -0.000000,-1.000000,0.000003,0.000000,-0.903024,0.000001,0.429589,0.000000,-0.429589,-0.000002,-0.903024,0.000000,-0.023698,-0.015714,0.006128,1.000000;;
       }

       Frame Bip01_R_UpperArm {
        

        FrameTransformMatrix {
         0.313047,0.948166,-0.054615,0.000000,-0.871946,0.309724,0.379185,0.000000,0.376446,-0.071082,0.923708,0.000000,0.087086,-0.000000,0.000000,1.000000;;
        }

        Frame Bip01_R_Forearm {
         

         FrameTransformMatrix {
          0.811989,0.000000,-0.583672,0.000000,-0.000000,1.000000,0.000000,0.000000,0.583672,-0.000000,0.811989,0.000000,0.137062,0.000000,0.000000,1.000000;;
         }

         Frame Bip01_R_Hand {
          

          FrameTransformMatrix {
           0.876605,0.385158,-0.288474,0.000000,-0.438815,0.393779,-0.807700,0.000000,-0.197497,0.834621,0.514202,0.000000,0.137062,0.000000,0.000000,1.000000;;
          }

          Frame Bip01_R_Finger0 {
           

           FrameTransformMatrix {
            0.556874,0.020367,0.830347,0.000000,-0.558537,0.749101,0.356210,0.000000,-0.614759,-0.662144,0.428531,0.000000,0.057681,0.023605,-0.000272,1.000000;;
           }

           Frame Bip01_R_Finger0Nub {
            

            FrameTransformMatrix {
             -1.000000,-0.000000,0.000000,0.000000,0.000000,1.000000,-0.000000,0.000000,-0.000000,-0.000000,-1.000000,0.000000,0.029435,0.000000,0.000000,1.000000;;
            }
           }
          }

          Frame Bip01_R_Finger1 {
           

           FrameTransformMatrix {
            -0.342274,0.000748,0.939600,0.000000,-0.000000,1.000000,-0.000796,0.000000,-0.939600,-0.000273,-0.342274,0.000000,0.084102,0.000000,-0.000000,1.000000;;
           }

           Frame Bip01_R_Finger1Nub {
            

            FrameTransformMatrix {
             -1.000000,-0.000000,0.000000,0.000000,-0.000000,1.000000,-0.000000,0.000000,-0.000000,0.000000,-1.000000,0.000000,0.047988,0.000000,0.000000,1.000000;;
            }
           }
          }
         }
        }
       }
      }
     }

     Frame Bip01_BackPack {
      

      FrameTransformMatrix {
       0.081023,-0.088037,-0.992816,0.000000,-0.064786,0.993520,-0.093387,0.000000,0.994604,0.071887,0.074794,0.000000,0.041174,-0.003810,-0.088357,1.000000;;
      }

      Frame Bip01_BackPackNub {
       

       FrameTransformMatrix {
        0.000796,0.000003,1.000000,0.000000,-0.000000,-1.000000,0.000003,0.000000,1.000000,-0.000000,-0.000796,0.000000,0.053240,0.000000,0.000000,1.000000;;
       }
      }
     }
    }

    Frame Bip01_L_Thigh {
     

     FrameTransformMatrix {
      -0.901015,0.078753,0.426580,0.000000,-0.142537,-0.982528,-0.119676,0.000000,0.409702,-0.168634,0.896497,0.000000,-0.051829,0.055015,0.001785,1.000000;;
     }

     Frame Bip01_L_Calf {
      

      FrameTransformMatrix {
       0.963713,0.000000,-0.266940,0.000000,0.000000,1.000000,0.000000,0.000000,0.266940,-0.000000,0.963713,0.000000,0.237500,0.000000,-0.000000,1.000000;;
      }

      Frame Bip01_L_Foot {
       

       FrameTransformMatrix {
        0.985543,0.146793,0.084596,0.000000,-0.159605,0.971922,0.172897,0.000000,-0.056841,-0.183899,0.981300,0.000000,0.206841,0.000000,0.000000,1.000000;;
       }

       Frame Bip01_L_Toe0 {
        

        FrameTransformMatrix {
         -0.000001,0.000000,1.000000,0.000000,0.000000,1.000000,-0.000000,0.000000,-1.000000,0.000000,-0.000001,0.000000,0.065373,0.000000,0.066450,1.000000;;
        }

        Frame Bip01_L_Toe0Nub {
         

         FrameTransformMatrix {
          -1.000000,0.000000,-0.000000,0.000000,-0.000000,1.000000,0.000000,0.000000,0.000000,0.000000,-1.000000,0.000000,0.006735,-0.000000,-0.000000,1.000000;;
         }
        }
       }
      }
     }
    }

    Frame Bip01_R_Thigh {
     

     FrameTransformMatrix {
      -0.875545,-0.110228,0.470393,0.000000,0.076525,-0.992975,-0.090249,0.000000,0.477037,-0.043020,0.877830,0.000000,-0.051251,-0.055015,-0.007823,1.000000;;
     }

     Frame Bip01_R_Calf {
      

      FrameTransformMatrix {
       0.926845,0.000000,-0.375445,0.000000,-0.000000,1.000000,-0.000000,0.000000,0.375445,-0.000000,0.926845,0.000000,0.237500,0.000000,0.000000,1.000000;;
      }

      Frame Bip01_R_Foot {
       

       FrameTransformMatrix {
        0.995184,-0.067414,0.071165,0.000000,0.004131,0.754179,0.656656,0.000000,-0.097939,-0.653199,0.750825,0.000000,0.206841,0.000000,-0.000000,1.000000;;
       }

       Frame Bip01_R_Toe0 {
        

        FrameTransformMatrix {
         -0.087157,0.000000,0.996195,0.000000,0.000000,1.000000,-0.000000,0.000000,-0.996195,0.000000,-0.087157,0.000000,0.065373,0.000000,0.066450,1.000000;;
        }

        Frame Bip01_R_Toe0Nub {
         

         FrameTransformMatrix {
          1.000000,0.000000,0.000000,0.000000,-0.000000,1.000000,0.000000,0.000000,0.000000,0.000000,1.000000,0.000000,0.006735,0.000000,-0.000000,1.000000;;
         }
        }
       }
      }
     }
    }
   }

   Frame Bip01_DressFront {
    

    FrameTransformMatrix {
     -0.830864,-0.008445,0.556411,0.000000,-0.032673,0.998900,-0.033627,0.000000,-0.555515,-0.046119,-0.830227,0.000000,-0.043921,0.001406,0.061063,1.000000;;
    }

    Frame Bip01_DressFront02 {
     

     FrameTransformMatrix {
      0.946511,0.081243,0.312277,0.000000,-0.077173,0.996694,-0.025393,0.000000,-0.313307,-0.000065,0.949652,0.000000,0.183366,0.000000,-0.000125,1.000000;;
     }

     Frame Bip01_DressFrontNub {
      

      FrameTransformMatrix {
       0.000796,0.000003,1.000000,0.000000,-0.000000,-1.000000,0.000003,0.000000,1.000000,0.000000,-0.000796,0.000000,0.165302,0.000000,0.000000,1.000000;;
      }
     }
    }
   }

   Frame Bip01_DressBack {
    

    FrameTransformMatrix {
     -0.830379,0.045218,0.555361,0.000000,-0.011734,0.995061,-0.098565,0.000000,-0.557076,-0.088363,-0.825748,0.000000,-0.047654,0.000012,-0.078304,1.000000;;
    }

    Frame Bip01_DressBack02 {
     

     FrameTransformMatrix {
      0.961427,0.000001,0.275061,0.000000,-0.000001,1.000000,-0.000000,0.000000,-0.275061,-0.000000,0.961427,0.000000,0.176189,0.000000,-0.000105,1.000000;;
     }

     Frame Bip01_DressBackNub {
      

      FrameTransformMatrix {
       0.000796,0.000003,1.000000,0.000000,0.000000,-1.000000,0.000003,0.000000,1.000000,0.000000,-0.000796,0.000000,0.136508,0.000000,0.000000,1.000000;;
      }
     }
    }
   }
  }

  Frame Bip01_Prop1 {
   

   FrameTransformMatrix {
    0.422404,-0.045727,-0.905253,0.000000,0.725946,-0.580963,0.368083,0.000000,-0.542750,-0.812645,-0.212206,0.000000,0.024908,-0.011984,-0.136265,1.000000;;
   }
  }

  Frame Bip01_Prop2 {
   

   FrameTransformMatrix {
    1.000000,0.000000,0.000000,0.000000,0.000000,1.000000,-0.000000,0.000000,-0.000000,0.000000,1.000000,0.000000,0.109229,0.024051,0.111682,1.000000;;
   }
  }
 }
}

Frame Translation_Data {
 

 FrameTransformMatrix {
  -0.000000,0.000000,-1.000000,0.000000,-1.000000,-0.000000,0.000000,0.000000,-0.000000,1.000000,0.000000,0.000000,0.000000,-0.000000,0.000000,1.000000;;
 }
}

Frame Body {
 

 FrameTransformMatrix {
  1.000000,0.000000,0.000000,0.000000,0.000000,1.000000,0.000000,0.000000,0.000000,0.000000,1.000000,0.000000,0.000000,0.000000,0.000000,1.000000;;
 }

 Mesh Body {
  1389;
  0.100608;0.748407;-0.048488;,
  0.059305;0.765276;-0.059587;,
  0.067446;0.732570;-0.055997;,
  0.110647;0.730322;-0.037291;,
  0.113266;0.715133;-0.026312;,
  0.078049;0.698138;-0.051452;,
  0.090506;0.671604;-0.030691;,
  0.112638;0.690682;0.006733;,
  0.049000;0.801702;-0.040056;,
  0.087473;0.791557;-0.023309;,
  0.085388;0.799565;0.007755;,
  0.053491;0.801594;0.000429;,
  0.065723;0.567969;0.105178;,
  0.017833;0.570583;0.109880;,
  0.021216;0.580198;0.102119;,
  0.061097;0.576704;0.097297;,
  0.080205;0.561200;0.046802;,
  0.081093;0.540956;0.075117;,
  0.067754;0.547549;0.009453;,
  0.053875;0.497348;0.032443;,
  0.076621;0.510918;0.050197;,
  0.040882;0.693823;-0.068346;,
  0.043597;0.662279;-0.056354;,
  -0.020636;0.566039;0.093028;,
  -0.017497;0.577490;0.083738;,
  0.035161;0.684385;0.087375;,
  -0.013342;0.682904;0.068537;,
  -0.009747;0.724705;0.056012;,
  0.044487;0.729858;0.072876;,
  0.070217;0.472235;0.034442;,
  0.093718;0.379414;0.021339;,
  0.119811;0.377346;0.060967;,
  0.089722;0.471885;0.080676;,
  0.110049;0.285659;0.009117;,
  0.121895;0.283400;0.060621;,
  0.019384;0.466995;0.033883;,
  -0.012591;0.446784;0.116965;,
  0.021947;0.358091;0.100774;,
  0.041070;0.369448;0.028133;,
  0.058512;0.275387;0.078008;,
  0.070539;0.276159;0.037492;,
  0.064558;0.452463;0.133945;,
  0.098513;0.368189;0.121446;,
  0.096081;0.282656;0.092157;,
  0.125728;0.006965;0.097823;,
  0.089257;0.006945;0.071464;,
  0.068102;0.007520;0.115459;,
  0.097821;0.007494;0.133677;,
  0.108664;0.227284;0.036132;,
  0.113692;0.153820;0.044420;,
  0.130745;0.156656;0.081592;,
  0.127680;0.230927;0.074081;,
  0.122127;0.075191;0.055957;,
  0.128294;0.076891;0.090105;,
  0.063438;0.205473;0.045261;,
  0.044130;0.223128;0.094477;,
  0.059193;0.159007;0.095054;,
  0.077483;0.149038;0.057635;,
  0.088416;0.085540;0.097105;,
  0.097564;0.068214;0.069659;,
  0.110081;0.238904;0.119590;,
  0.117101;0.164745;0.116722;,
  0.110040;0.092315;0.106581;,
  0.080979;0.515149;0.090312;,
  0.020641;0.485976;0.006959;,
  0.010715;0.457467;0.028751;,
  0.019384;0.466995;0.033883;,
  0.059780;0.526892;0.139264;,
  0.004554;0.532549;0.139031;,
  0.057401;0.470899;0.141402;,
  0.005750;0.477786;0.143614;,
  0.028841;0.632353;0.094523;,
  0.071063;0.679105;0.086697;,
  0.088936;0.678648;0.075889;,
  0.105936;0.662961;0.028325;,
  0.084789;0.614959;0.041477;,
  0.068737;0.627311;0.087532;,
  0.089938;0.646331;-0.014448;,
  0.077253;0.601744;0.007978;,
  0.045677;0.644810;-0.043285;,
  0.035569;0.593347;-0.016541;,
  0.133914;0.725029;-0.038795;,
  0.086097;0.732125;-0.015155;,
  0.154093;0.681134;-0.023597;,
  0.100688;0.675223;0.002914;,
  0.121579;0.631213;0.020816;,
  0.164988;0.635542;-0.000574;,
  0.110322;0.745314;0.039169;,
  0.125431;0.700580;0.058683;,
  0.100688;0.675223;0.002914;,
  0.142272;0.647183;0.067781;,
  0.121579;0.631213;0.020816;,
  0.120441;0.749784;0.041628;,
  0.158210;0.749568;0.017384;,
  0.178895;0.706806;0.032101;,
  0.185585;0.651415;0.046526;,
  0.151267;0.737554;-0.017863;,
  0.166437;0.616693;-0.009961;,
  0.115524;0.608935;0.015495;,
  0.126253;0.549994;0.005857;,
  0.158370;0.557497;-0.010255;,
  0.132006;0.509910;0.003802;,
  0.154840;0.507317;-0.008086;,
  0.115524;0.608935;0.015495;,
  0.143110;0.609374;0.072237;,
  0.158620;0.550706;0.053035;,
  0.126253;0.549994;0.005857;,
  0.155958;0.508651;0.035362;,
  0.132006;0.509910;0.003802;,
  0.193792;0.617162;0.047008;,
  0.183067;0.556767;0.040398;,
  0.171719;0.505328;0.025675;,
  0.094724;0.437207;0.018274;,
  0.109282;0.448561;0.006315;,
  0.148301;0.448248;0.034530;,
  0.133602;0.437038;0.045905;,
  0.100469;0.441099;0.003348;,
  0.105479;0.433308;0.009676;,
  0.109277;0.426972;0.001521;,
  0.099297;0.434706;-0.006340;,
  0.139007;0.479858;0.042977;,
  0.143936;0.442831;0.042152;,
  0.127419;0.448979;-0.007593;,
  0.115090;0.480729;-0.000604;,
  0.172596;0.474553;0.026390;,
  0.158715;0.431951;0.034322;,
  0.148599;0.476198;-0.019691;,
  0.143250;0.438538;-0.013662;,
  0.112917;0.797206;-0.014429;,
  0.127338;0.784598;-0.037396;,
  0.087473;0.791557;-0.023309;,
  0.092386;0.776275;-0.042769;,
  0.085173;0.729014;0.071148;,
  0.066459;0.783619;-0.053836;,
  0.129037;0.758452;-0.046231;,
  0.100608;0.748407;-0.048488;,
  0.110647;0.730322;-0.037291;,
  0.122601;0.740317;-0.031517;,
  0.099470;0.769761;0.040248;,
  0.053391;0.765974;0.044789;,
  0.103756;0.771712;0.035795;,
  -0.002279;0.756858;0.030786;,
  0.011227;0.789879;-0.017525;,
  0.085388;0.799565;0.007755;,
  0.103756;0.771712;0.035795;,
  0.105002;0.725027;0.000070;,
  0.106252;0.760240;0.032348;,
  0.086097;0.732125;-0.015155;,
  0.099022;0.712460;0.047739;,
  0.105439;0.693919;0.019064;,
  0.113266;0.715133;-0.026312;,
  0.098160;0.722371;0.061158;,
  0.115090;0.480729;-0.000604;,
  0.057192;0.819589;-0.077938;,
  0.069983;0.801712;-0.083958;,
  0.020502;0.802584;-0.047432;,
  0.030643;0.825358;-0.080603;,
  0.143250;0.438538;-0.013662;,
  0.094724;0.437207;0.018274;,
  0.133602;0.437038;0.045905;,
  0.106551;0.459456;-0.001575;,
  0.110765;0.442455;-0.020659;,
  0.106551;0.459456;-0.001575;,
  0.117419;0.447047;0.005114;,
  0.130429;0.435871;-0.012538;,
  0.130429;0.435871;-0.012538;,
  0.100469;0.441099;0.003348;,
  0.099297;0.434706;-0.006340;,
  0.109277;0.426972;0.001521;,
  0.171838;0.027548;0.035676;,
  0.164868;0.023987;-0.012820;,
  0.169680;0.005308;-0.018039;,
  0.180223;0.005823;0.032737;,
  0.070797;0.040778;0.104058;,
  0.068102;0.007520;0.115459;,
  0.089257;0.006945;0.071464;,
  0.089618;0.031864;0.068292;,
  0.088416;0.085540;0.097105;,
  0.110040;0.092315;0.106581;,
  0.106349;0.043792;0.125552;,
  0.125728;0.006965;0.097823;,
  0.097821;0.007494;0.133677;,
  0.128272;0.041873;0.095917;,
  0.122127;0.075191;0.055957;,
  0.128294;0.076891;0.090105;,
  0.134501;0.005466;-0.027658;,
  0.135986;0.021101;-0.018462;,
  0.180223;0.005823;0.032737;,
  0.134501;0.005466;-0.027658;,
  0.041070;0.369448;0.028133;,
  0.070539;0.276159;0.037492;,
  0.063438;0.205473;0.045261;,
  0.077483;0.149038;0.057635;,
  0.097564;0.068214;0.069659;,
  0.097564;0.068214;0.069659;,
  -0.011364;0.461103;0.075689;,
  0.083937;0.784434;-0.104604;,
  0.076394;0.764512;-0.107207;,
  0.067680;0.763444;-0.100209;,
  0.065453;0.784860;-0.090092;,
  0.074385;0.812390;-0.114864;,
  0.065137;0.834544;-0.117355;,
  0.052336;0.816342;-0.238429;,
  0.032499;0.816756;-0.242267;,
  0.034253;0.787104;-0.239300;,
  0.071457;0.751413;-0.190814;,
  0.066247;0.767978;-0.214923;,
  0.054878;0.743836;-0.191503;,
  0.087933;0.797100;-0.129714;,
  0.081574;0.768113;-0.127619;,
  0.081497;0.796339;-0.112425;,
  0.086814;0.824656;-0.157341;,
  0.087899;0.806654;-0.173979;,
  0.085932;0.812696;-0.210645;,
  0.078592;0.786410;-0.216586;,
  0.085072;0.779878;-0.178161;,
  0.071229;0.862251;-0.156775;,
  0.083315;0.841013;-0.155742;,
  0.031636;0.870916;-0.153158;,
  0.030268;0.873578;-0.202358;,
  0.063610;0.865134;-0.204586;,
  0.086435;0.773726;-0.156348;,
  0.073307;0.749228;-0.158544;,
  0.073267;0.751446;-0.122658;,
  0.060309;0.731762;-0.102719;,
  0.041418;0.720671;-0.101921;,
  0.040538;0.739962;-0.093315;,
  0.060561;0.782169;-0.230370;,
  0.072386;0.814584;-0.229034;,
  0.079701;0.847264;-0.208422;,
  0.065877;0.843658;-0.227337;,
  0.030757;0.852400;-0.231068;,
  0.048157;0.850462;-0.230109;,
  0.033762;0.847707;-0.120431;,
  0.079701;0.847264;-0.208422;,
  0.065877;0.843658;-0.227337;,
  0.091149;0.810854;-0.157260;,
  0.092312;0.797607;-0.132585;,
  0.097039;0.823662;-0.152842;,
  0.093500;0.821738;-0.173374;,
  0.097039;0.823662;-0.152842;,
  0.092312;0.797607;-0.132585;,
  0.093500;0.821738;-0.173374;,
  0.087899;0.806654;-0.173979;,
  0.089716;0.792649;-0.153148;,
  0.087933;0.797100;-0.129714;,
  0.072098;0.756245;-0.179631;,
  0.089716;0.792649;-0.153148;,
  0.066459;0.783619;-0.053836;,
  0.069983;0.801712;-0.083958;,
  0.092386;0.776275;-0.042769;,
  0.074385;0.812390;-0.114864;,
  0.038719;0.743466;-0.078618;,
  0.039022;0.720626;-0.071969;,
  0.030073;0.543708;-0.012188;,
  -0.033713;0.529562;0.121715;,
  -0.036660;0.496121;0.128758;,
  -0.035363;0.473547;0.127915;,
  0.042605;0.757222;-0.093988;,
  -0.011364;0.461103;0.075689;,
  0.048157;0.850462;-0.230109;,
  0.030757;0.852400;-0.231068;,
  0.059853;0.736929;-0.134292;,
  0.051699;0.737261;-0.157855;,
  0.052304;0.733927;-0.148815;,
  0.035206;0.772467;-0.234317;,
  0.036711;0.753070;-0.217919;,
  0.052751;0.749573;-0.180012;,
  -0.014345;0.629827;0.075192;,
  0.092386;0.776275;-0.042769;,
  0.169680;0.005308;-0.018039;,
  0.059523;0.734990;-0.127979;,
  0.052272;0.727327;-0.128129;,
  0.051722;0.732279;-0.131490;,
  0.039892;0.722088;-0.160331;,
  0.039823;0.728164;-0.149205;,
  0.051525;0.728999;-0.136770;,
  0.040084;0.731229;-0.131655;,
  0.040631;0.723534;-0.127174;,
  0.038300;0.736259;-0.192193;,
  0.038516;0.736879;-0.182044;,
  0.106252;0.760240;0.032348;,
  0.040293;0.724855;-0.137787;,
  0.095374;0.735742;0.011471;,
  0.105002;0.725027;0.000070;,
  0.113266;0.715133;-0.026312;,
  0.083315;0.841013;-0.155742;,
  0.108664;0.227284;0.036132;,
  0.066221;0.223817;-0.001760;,
  0.079271;0.148260;0.012357;,
  0.113692;0.153820;0.044420;,
  0.110049;0.285659;0.009117;,
  0.068539;0.278972;-0.011551;,
  0.093718;0.379414;0.021339;,
  0.042737;0.368744;0.000578;,
  0.070217;0.472235;0.034442;,
  0.028180;0.455921;0.010122;,
  0.053875;0.497348;0.032443;,
  0.085587;0.075927;0.017257;,
  0.122127;0.075191;0.055957;,
  0.051666;0.155234;0.121252;,
  0.060703;0.085898;0.128169;,
  -0.010497;0.102506;0.110259;,
  -0.010836;0.175904;0.105621;,
  -0.006578;0.242417;0.093254;,
  0.043336;0.222496;0.109077;,
  -0.008276;0.308511;0.091868;,
  0.041399;0.271365;0.103689;,
  0.015820;0.356189;0.114290;,
  -0.021397;0.384804;0.109923;,
  -0.038417;0.469782;0.133850;,
  0.095374;0.735742;0.011471;,
  -0.027616;0.733261;-0.094688;,
  -0.038449;0.712713;-0.091007;,
  0.005213;0.725220;-0.078419;,
  0.006815;0.759077;-0.078499;,
  -0.044186;0.695917;-0.083902;,
  -0.054133;0.673609;-0.060781;,
  -0.008854;0.661432;-0.070916;,
  0.001523;0.689100;-0.079024;,
  -0.005298;0.795289;-0.059619;,
  -0.034143;0.791244;-0.031144;,
  -0.061565;0.782576;-0.045066;,
  -0.041923;0.776544;-0.069927;,
  -0.085161;0.566344;0.034329;,
  -0.076321;0.574392;0.029965;,
  -0.055801;0.578902;0.064382;,
  -0.058245;0.569764;0.074157;,
  -0.047709;0.559047;-0.015873;,
  -0.071370;0.539314;0.003526;,
  -0.010205;0.546237;-0.028746;,
  -0.049128;0.509683;-0.008643;,
  -0.020388;0.496548;-0.002427;,
  -0.017497;0.577490;0.083738;,
  -0.020636;0.566039;0.093028;,
  -0.058609;0.676734;0.043895;,
  -0.060362;0.719124;0.030430;,
  -0.009747;0.724705;0.056012;,
  -0.013342;0.682904;0.068537;,
  -0.031447;0.473937;-0.015195;,
  -0.078342;0.468939;0.001005;,
  -0.073232;0.374792;-0.037185;,
  -0.026894;0.382143;-0.044551;,
  -0.064148;0.281461;-0.041811;,
  -0.018773;0.287220;-0.067874;,
  0.004407;0.471747;0.021364;,
  0.004607;0.374273;-0.001386;,
  -0.034500;0.356728;0.061336;,
  -0.035827;0.445949;0.101023;,
  -0.011892;0.279060;-0.019714;,
  -0.033224;0.276996;0.016386;,
  -0.102210;0.360758;0.019016;,
  -0.099482;0.447103;0.054545;,
  -0.069602;0.280851;-0.001676;,
  -0.079456;0.006310;-0.018855;,
  -0.119048;0.008551;0.003326;,
  -0.105445;0.010325;0.035371;,
  -0.058805;0.008428;0.021070;,
  -0.033916;0.226797;-0.044970;,
  -0.074780;0.228916;-0.033108;,
  -0.078000;0.154735;-0.024815;,
  -0.039088;0.153242;-0.037629;,
  -0.075982;0.075701;-0.016099;,
  -0.044263;0.074391;-0.024846;,
  -0.008503;0.209347;-0.004298;,
  -0.023795;0.151937;-0.001949;,
  -0.039237;0.163820;0.036188;,
  -0.032313;0.229058;0.042085;,
  -0.055160;0.069091;0.009538;,
  -0.065726;0.087617;0.020174;,
  -0.094825;0.164297;0.008520;,
  -0.096481;0.238806;0.010201;,
  -0.082890;0.092632;0.005243;,
  -0.082532;0.513389;0.013533;,
  0.004407;0.471747;0.021364;,
  -0.071524;0.531730;0.103308;,
  -0.106867;0.525098;0.061013;,
  -0.072034;0.475651;0.105382;,
  -0.103259;0.466917;0.064823;,
  -0.055559;0.627242;0.052031;,
  -0.079757;0.666799;0.016762;,
  -0.082574;0.664654;-0.003639;,
  -0.072529;0.618758;0.016410;,
  -0.042935;0.607225;-0.022827;,
  -0.053913;0.649918;-0.045796;,
  -0.009697;0.596479;-0.035797;,
  -0.008051;0.638336;-0.059884;,
  -0.073176;0.698553;-0.104808;,
  -0.097761;0.656741;-0.090240;,
  -0.034546;0.710181;-0.069196;,
  -0.115882;0.614847;-0.065270;,
  -0.080977;0.614776;-0.031476;,
  -0.054894;0.656050;-0.048385;,
  -0.073728;0.730294;-0.027099;,
  -0.054894;0.656050;-0.048385;,
  -0.094789;0.688396;-0.006820;,
  -0.080977;0.614776;-0.031476;,
  -0.114598;0.636177;0.004428;,
  -0.084038;0.734800;-0.028451;,
  -0.137684;0.689386;-0.048805;,
  -0.112782;0.730160;-0.062606;,
  -0.149456;0.636169;-0.029196;,
  -0.095789;0.713458;-0.092055;,
  -0.114407;0.595204;-0.072208;,
  -0.106771;0.536769;-0.062385;,
  -0.081024;0.532520;-0.036568;,
  -0.073558;0.592558;-0.031901;,
  -0.103978;0.487861;-0.052511;,
  -0.088581;0.494665;-0.031518;,
  -0.073558;0.592558;-0.031901;,
  -0.081024;0.532520;-0.036568;,
  -0.126109;0.537909;-0.001750;,
  -0.116975;0.599071;0.013430;,
  -0.088581;0.494665;-0.031518;,
  -0.121453;0.489641;-0.014066;,
  -0.145592;0.541444;-0.021800;,
  -0.157668;0.601784;-0.026602;,
  -0.130498;0.488243;-0.026269;,
  -0.044662;0.441205;0.007933;,
  -0.086604;0.419620;0.000864;,
  -0.094661;0.429248;-0.016843;,
  -0.052345;0.451211;-0.010087;,
  -0.041341;0.448284;-0.006552;,
  -0.031849;0.446441;-0.013078;,
  -0.039525;0.433816;-0.014788;,
  -0.044810;0.437635;-0.005926;,
  -0.108169;0.456970;-0.002494;,
  -0.066882;0.480439;-0.017213;,
  -0.056172;0.451170;-0.032624;,
  -0.093834;0.423022;-0.008655;,
  -0.093863;0.411801;-0.025153;,
  -0.117917;0.448231;-0.037991;,
  -0.075445;0.473303;-0.054408;,
  -0.058145;0.439395;-0.048560;,
  -0.068362;0.775823;-0.079706;,
  -0.062143;0.762233;-0.105611;,
  -0.030818;0.761723;-0.087159;,
  -0.041923;0.776544;-0.069927;,
  -0.087397;0.711347;0.001286;,
  -0.005953;0.775066;-0.079924;,
  -0.053198;0.736627;-0.111833;,
  -0.055888;0.716368;-0.098157;,
  -0.038449;0.712713;-0.091007;,
  -0.027616;0.733261;-0.094688;,
  -0.084747;0.748737;-0.026478;,
  -0.085489;0.750238;-0.032581;,
  -0.054659;0.753212;0.005861;,
  -0.002279;0.756858;0.030786;,
  0.011227;0.789879;-0.017525;,
  -0.061565;0.782576;-0.045066;,
  -0.085489;0.750238;-0.032581;,
  -0.056235;0.705652;-0.058735;,
  -0.034546;0.710181;-0.069196;,
  -0.083246;0.738329;-0.036431;,
  -0.058326;0.677153;-0.047233;,
  -0.077484;0.694389;-0.023716;,
  -0.044186;0.695917;-0.083902;,
  -0.088191;0.703293;-0.014283;,
  -0.066882;0.480439;-0.017213;,
  0.002153;0.795644;-0.096221;,
  0.007012;0.815100;-0.087010;,
  0.030643;0.825358;-0.080603;,
  0.020502;0.802584;-0.047432;,
  -0.058145;0.439395;-0.048560;,
  -0.044662;0.441205;0.007933;,
  -0.086604;0.419620;0.000864;,
  -0.034430;0.455017;-0.030865;,
  -0.050875;0.464491;-0.013236;,
  -0.050875;0.464491;-0.013236;,
  -0.056280;0.447884;-0.016675;,
  -0.049157;0.440440;-0.039027;,
  -0.049157;0.440440;-0.039027;,
  -0.031849;0.446441;-0.013078;,
  -0.041341;0.448284;-0.006552;,
  -0.039525;0.433816;-0.014788;,
  -0.010944;0.024021;-0.056332;,
  -0.007015;0.001831;-0.062895;,
  0.041625;0.001875;-0.044901;,
  0.035940;0.020815;-0.042026;,
  -0.093431;0.043347;0.032453;,
  -0.055360;0.033277;0.019721;,
  -0.058805;0.008428;0.021070;,
  -0.105445;0.010325;0.035371;,
  -0.065726;0.087617;0.020174;,
  -0.109376;0.044265;-0.006016;,
  -0.082890;0.092632;0.005243;,
  -0.079456;0.006310;-0.018855;,
  -0.076836;0.041001;-0.023134;,
  -0.119048;0.008551;0.003326;,
  -0.044263;0.074391;-0.024846;,
  -0.075982;0.075701;-0.016099;,
  0.037202;0.019649;-0.012507;,
  0.045915;0.004118;-0.008753;,
  0.045915;0.004118;-0.008753;,
  -0.007015;0.001831;-0.062895;,
  0.004607;0.374273;-0.001386;,
  -0.011892;0.279060;-0.019714;,
  -0.008503;0.209347;-0.004298;,
  -0.023795;0.151937;-0.001949;,
  -0.055160;0.069091;0.009538;,
  -0.055160;0.069091;0.009538;,
  -0.008108;0.779219;-0.102325;,
  0.012910;0.780160;-0.099591;,
  0.010611;0.760210;-0.098796;,
  0.001499;0.760269;-0.105353;,
  -0.002291;0.808045;-0.112966;,
  0.004263;0.831095;-0.115848;,
  0.013049;0.814116;-0.237456;,
  0.032499;0.816756;-0.242267;,
  0.003753;0.747577;-0.189138;,
  0.021027;0.741918;-0.190665;,
  0.005864;0.764557;-0.213428;,
  -0.005056;0.763205;-0.125475;,
  -0.014742;0.791282;-0.127172;,
  -0.007417;0.791301;-0.110224;,
  -0.018105;0.818711;-0.154744;,
  -0.017970;0.800656;-0.171359;,
  -0.012348;0.774358;-0.175749;,
  -0.008550;0.781472;-0.214429;,
  -0.018508;0.806778;-0.208059;,
  -0.016400;0.835363;-0.153274;,
  -0.006854;0.857827;-0.154842;,
  0.031636;0.870916;-0.153158;,
  -0.001977;0.861418;-0.202962;,
  0.030268;0.873578;-0.202358;,
  -0.011931;0.768152;-0.153913;,
  0.005315;0.747595;-0.120976;,
  0.003756;0.745287;-0.156823;,
  0.021379;0.729556;-0.101756;,
  0.009143;0.779255;-0.229098;,
  -0.006186;0.810132;-0.227089;,
  -0.002925;0.839759;-0.225633;,
  -0.016118;0.841835;-0.206050;,
  0.013755;0.848513;-0.229257;,
  0.030757;0.852400;-0.231068;,
  0.033762;0.847707;-0.120431;,
  -0.016118;0.841835;-0.206050;,
  -0.002925;0.839759;-0.225633;,
  -0.027748;0.816591;-0.149753;,
  -0.019190;0.791289;-0.129824;,
  -0.020845;0.804508;-0.154488;,
  -0.025019;0.815022;-0.170440;,
  -0.019190;0.791289;-0.129824;,
  -0.027748;0.816591;-0.149753;,
  -0.025019;0.815022;-0.170440;,
  -0.017970;0.800656;-0.171359;,
  -0.017164;0.786593;-0.150503;,
  -0.014742;0.791282;-0.127172;,
  0.003122;0.752337;-0.177924;,
  -0.017164;0.786593;-0.150503;,
  0.002153;0.795644;-0.096221;,
  -0.005953;0.775066;-0.079924;,
  -0.030818;0.761723;-0.087159;,
  -0.002291;0.808045;-0.112966;,
  -0.033713;0.529562;0.121715;,
  -0.036660;0.496121;0.128758;,
  -0.035363;0.473547;0.127915;,
  -0.011364;0.461103;0.075689;,
  0.013755;0.848513;-0.229257;,
  0.030757;0.852400;-0.231068;,
  0.019691;0.734653;-0.133298;,
  0.026805;0.732482;-0.148183;,
  0.026583;0.735838;-0.157234;,
  0.023057;0.747891;-0.179277;,
  -0.014345;0.629827;0.075192;,
  -0.030818;0.761723;-0.087159;,
  0.041625;0.001875;-0.044901;,
  0.028603;0.725986;-0.127543;,
  0.020549;0.732781;-0.127015;,
  0.028423;0.730959;-0.130913;,
  0.028729;0.727707;-0.136206;,
  -0.083246;0.738329;-0.036431;,
  -0.057499;0.717288;-0.044958;,
  -0.056235;0.705652;-0.058735;,
  -0.044186;0.695917;-0.083902;,
  -0.016400;0.835363;-0.153274;,
  0.014469;0.222917;-0.036676;,
  0.004812;0.146151;-0.032286;,
  0.041121;0.145573;-0.013489;,
  0.038318;0.223264;-0.018254;,
  0.014883;0.283281;-0.048795;,
  0.039913;0.278851;-0.027781;,
  0.015840;0.373255;-0.019509;,
  0.028900;0.364309;-0.007619;,
  0.013755;0.460372;0.000008;,
  0.020463;0.448499;0.007771;,
  0.020641;0.485976;0.006959;,
  -0.020388;0.496548;-0.002427;,
  0.003059;0.073636;-0.029518;,
  0.045215;0.079216;-0.012927;,
  -0.051317;0.086081;0.067148;,
  -0.082881;0.092633;0.005253;,
  -0.094825;0.164297;0.008520;,
  -0.048340;0.161082;0.060402;,
  -0.096481;0.238806;0.010201;,
  -0.046270;0.226318;0.052003;,
  -0.041797;0.273862;0.049748;,
  -0.069602;0.280851;-0.001676;,
  -0.102210;0.360758;0.019016;,
  -0.040986;0.352419;0.077012;,
  -0.036660;0.496121;0.128758;,
  -0.072034;0.475651;0.105382;,
  -0.057499;0.717288;-0.044958;,
  -0.031447;0.473937;-0.015195;,
  -0.026894;0.382143;-0.044551;,
  -0.018773;0.287220;-0.067874;,
  -0.033916;0.226797;-0.044970;,
  -0.039088;0.153242;-0.037629;,
  -0.044263;0.074391;-0.024846;,
  0.064558;0.452463;0.133945;,
  0.098513;0.368189;0.121446;,
  0.005750;0.477786;0.143614;,
  0.096081;0.282656;0.092157;,
  0.110081;0.238904;0.119590;,
  0.117101;0.164745;0.116722;,
  0.110040;0.092315;0.106581;,
  -0.099482;0.447103;0.054545;,
  0.113266;0.715133;-0.026312;,
  0.113266;0.715133;-0.026312;,
  0.113266;0.715133;-0.026312;,
  0.090506;0.671604;-0.030691;,
  0.090506;0.671604;-0.030691;,
  0.090506;0.671604;-0.030691;,
  0.090506;0.671604;-0.030691;,
  0.090506;0.671604;-0.030691;,
  0.112638;0.690682;0.006733;,
  0.112638;0.690682;0.006733;,
  0.112638;0.690682;0.006733;,
  0.112638;0.690682;0.006733;,
  0.112638;0.690682;0.006733;,
  0.087473;0.791557;-0.023309;,
  0.087473;0.791557;-0.023309;,
  0.085388;0.799565;0.007755;,
  0.085388;0.799565;0.007755;,
  0.085388;0.799565;0.007755;,
  0.021216;0.580198;0.102119;,
  0.021216;0.580198;0.102119;,
  0.021216;0.580198;0.102119;,
  0.021216;0.580198;0.102119;,
  0.021216;0.580198;0.102119;,
  0.061097;0.576704;0.097297;,
  0.061097;0.576704;0.097297;,
  0.061097;0.576704;0.097297;,
  0.061097;0.576704;0.097297;,
  0.061097;0.576704;0.097297;,
  0.080205;0.561200;0.046802;,
  0.080205;0.561200;0.046802;,
  0.080205;0.561200;0.046802;,
  0.080205;0.561200;0.046802;,
  0.080205;0.561200;0.046802;,
  0.080205;0.561200;0.046802;,
  0.067754;0.547549;0.009453;,
  0.067754;0.547549;0.009453;,
  0.067754;0.547549;0.009453;,
  0.067754;0.547549;0.009453;,
  0.067754;0.547549;0.009453;,
  0.076621;0.510918;0.050197;,
  0.076621;0.510918;0.050197;,
  0.076621;0.510918;0.050197;,
  0.076621;0.510918;0.050197;,
  0.076621;0.510918;0.050197;,
  0.076621;0.510918;0.050197;,
  0.043597;0.662279;-0.056354;,
  0.043597;0.662279;-0.056354;,
  0.043597;0.662279;-0.056354;,
  0.043597;0.662279;-0.056354;,
  0.043597;0.662279;-0.056354;,
  -0.017497;0.577490;0.083738;,
  -0.017497;0.577490;0.083738;,
  0.035161;0.684385;0.087375;,
  0.035161;0.684385;0.087375;,
  0.035161;0.684385;0.087375;,
  0.035161;0.684385;0.087375;,
  -0.013342;0.682904;0.068537;,
  -0.013342;0.682904;0.068537;,
  -0.009747;0.724705;0.056012;,
  -0.009747;0.724705;0.056012;,
  0.044487;0.729858;0.072876;,
  0.044487;0.729858;0.072876;,
  0.044487;0.729858;0.072876;,
  0.044487;0.729858;0.072876;,
  0.044487;0.729858;0.072876;,
  0.070217;0.472235;0.034442;,
  0.070217;0.472235;0.034442;,
  0.070217;0.472235;0.034442;,
  0.070217;0.472235;0.034442;,
  0.070217;0.472235;0.034442;,
  0.070217;0.472235;0.034442;,
  0.089722;0.471885;0.080676;,
  0.089722;0.471885;0.080676;,
  0.089722;0.471885;0.080676;,
  0.089722;0.471885;0.080676;,
  0.089722;0.471885;0.080676;,
  0.089722;0.471885;0.080676;,
  0.110049;0.285659;0.009117;,
  0.110049;0.285659;0.009117;,
  0.110049;0.285659;0.009117;,
  0.110049;0.285659;0.009117;,
  0.110049;0.285659;0.009117;,
  0.121895;0.283400;0.060621;,
  0.121895;0.283400;0.060621;,
  0.121895;0.283400;0.060621;,
  0.121895;0.283400;0.060621;,
  0.121895;0.283400;0.060621;,
  -0.012591;0.446784;0.116965;,
  -0.012591;0.446784;0.116965;,
  -0.012591;0.446784;0.116965;,
  -0.012591;0.446784;0.116965;,
  -0.012591;0.446784;0.116965;,
  -0.012591;0.446784;0.116965;,
  -0.012591;0.446784;0.116965;,
  0.058512;0.275387;0.078008;,
  0.058512;0.275387;0.078008;,
  0.058512;0.275387;0.078008;,
  0.058512;0.275387;0.078008;,
  0.058512;0.275387;0.078008;,
  0.070539;0.276159;0.037492;,
  0.064558;0.452463;0.133945;,
  0.064558;0.452463;0.133945;,
  0.064558;0.452463;0.133945;,
  0.064558;0.452463;0.133945;,
  0.064558;0.452463;0.133945;,
  0.096081;0.282656;0.092157;,
  0.096081;0.282656;0.092157;,
  0.096081;0.282656;0.092157;,
  0.096081;0.282656;0.092157;,
  0.096081;0.282656;0.092157;,
  0.096081;0.282656;0.092157;,
  0.122127;0.075191;0.055957;,
  0.122127;0.075191;0.055957;,
  0.128294;0.076891;0.090105;,
  0.128294;0.076891;0.090105;,
  0.128294;0.076891;0.090105;,
  0.088416;0.085540;0.097105;,
  0.088416;0.085540;0.097105;,
  0.110040;0.092315;0.106581;,
  0.110040;0.092315;0.106581;,
  0.057401;0.470899;0.141402;,
  0.057401;0.470899;0.141402;,
  0.057401;0.470899;0.141402;,
  0.057401;0.470899;0.141402;,
  0.005750;0.477786;0.143614;,
  0.005750;0.477786;0.143614;,
  0.005750;0.477786;0.143614;,
  0.005750;0.477786;0.143614;,
  0.028841;0.632353;0.094523;,
  0.028841;0.632353;0.094523;,
  0.028841;0.632353;0.094523;,
  0.028841;0.632353;0.094523;,
  0.028841;0.632353;0.094523;,
  0.028841;0.632353;0.094523;,
  0.071063;0.679105;0.086697;,
  0.071063;0.679105;0.086697;,
  0.071063;0.679105;0.086697;,
  0.071063;0.679105;0.086697;,
  0.071063;0.679105;0.086697;,
  0.088936;0.678648;0.075889;,
  0.088936;0.678648;0.075889;,
  0.088936;0.678648;0.075889;,
  0.088936;0.678648;0.075889;,
  0.088936;0.678648;0.075889;,
  0.088936;0.678648;0.075889;,
  0.105936;0.662961;0.028325;,
  0.105936;0.662961;0.028325;,
  0.105936;0.662961;0.028325;,
  0.105936;0.662961;0.028325;,
  0.105936;0.662961;0.028325;,
  0.084789;0.614959;0.041477;,
  0.084789;0.614959;0.041477;,
  0.084789;0.614959;0.041477;,
  0.084789;0.614959;0.041477;,
  0.084789;0.614959;0.041477;,
  0.084789;0.614959;0.041477;,
  0.068737;0.627311;0.087532;,
  0.068737;0.627311;0.087532;,
  0.068737;0.627311;0.087532;,
  0.068737;0.627311;0.087532;,
  0.089938;0.646331;-0.014448;,
  0.089938;0.646331;-0.014448;,
  0.089938;0.646331;-0.014448;,
  0.089938;0.646331;-0.014448;,
  0.089938;0.646331;-0.014448;,
  0.077253;0.601744;0.007978;,
  0.077253;0.601744;0.007978;,
  0.077253;0.601744;0.007978;,
  0.077253;0.601744;0.007978;,
  0.077253;0.601744;0.007978;,
  0.045677;0.644810;-0.043285;,
  0.045677;0.644810;-0.043285;,
  0.045677;0.644810;-0.043285;,
  0.045677;0.644810;-0.043285;,
  0.045677;0.644810;-0.043285;,
  0.045677;0.644810;-0.043285;,
  0.045677;0.644810;-0.043285;,
  0.035569;0.593347;-0.016541;,
  0.035569;0.593347;-0.016541;,
  0.035569;0.593347;-0.016541;,
  0.035569;0.593347;-0.016541;,
  0.035569;0.593347;-0.016541;,
  0.121579;0.631213;0.020816;,
  0.121579;0.631213;0.020816;,
  0.164988;0.635542;-0.000574;,
  0.164988;0.635542;-0.000574;,
  0.164988;0.635542;-0.000574;,
  0.164988;0.635542;-0.000574;,
  0.164988;0.635542;-0.000574;,
  0.142272;0.647183;0.067781;,
  0.142272;0.647183;0.067781;,
  0.142272;0.647183;0.067781;,
  0.142272;0.647183;0.067781;,
  0.142272;0.647183;0.067781;,
  0.121579;0.631213;0.020816;,
  0.185585;0.651415;0.046526;,
  0.185585;0.651415;0.046526;,
  0.185585;0.651415;0.046526;,
  0.185585;0.651415;0.046526;,
  0.185585;0.651415;0.046526;,
  0.185585;0.651415;0.046526;,
  0.143110;0.609374;0.072237;,
  0.143110;0.609374;0.072237;,
  0.143110;0.609374;0.072237;,
  0.143110;0.609374;0.072237;,
  0.143110;0.609374;0.072237;,
  0.193792;0.617162;0.047008;,
  0.193792;0.617162;0.047008;,
  0.193792;0.617162;0.047008;,
  0.193792;0.617162;0.047008;,
  0.112917;0.797206;-0.014429;,
  0.112917;0.797206;-0.014429;,
  0.112917;0.797206;-0.014429;,
  0.112917;0.797206;-0.014429;,
  0.127338;0.784598;-0.037396;,
  0.127338;0.784598;-0.037396;,
  0.127338;0.784598;-0.037396;,
  0.127338;0.784598;-0.037396;,
  0.127338;0.784598;-0.037396;,
  0.087473;0.791557;-0.023309;,
  0.087473;0.791557;-0.023309;,
  0.092386;0.776275;-0.042769;,
  0.085173;0.729014;0.071148;,
  0.085173;0.729014;0.071148;,
  0.085173;0.729014;0.071148;,
  0.085173;0.729014;0.071148;,
  0.085173;0.729014;0.071148;,
  0.085173;0.729014;0.071148;,
  0.129037;0.758452;-0.046231;,
  0.129037;0.758452;-0.046231;,
  0.129037;0.758452;-0.046231;,
  0.129037;0.758452;-0.046231;,
  0.129037;0.758452;-0.046231;,
  0.122601;0.740317;-0.031517;,
  0.122601;0.740317;-0.031517;,
  0.122601;0.740317;-0.031517;,
  0.122601;0.740317;-0.031517;,
  0.099470;0.769761;0.040248;,
  0.099470;0.769761;0.040248;,
  0.099470;0.769761;0.040248;,
  0.099470;0.769761;0.040248;,
  0.099470;0.769761;0.040248;,
  0.103756;0.771712;0.035795;,
  0.085388;0.799565;0.007755;,
  0.085388;0.799565;0.007755;,
  0.103756;0.771712;0.035795;,
  0.103756;0.771712;0.035795;,
  0.105002;0.725027;0.000070;,
  0.105002;0.725027;0.000070;,
  0.105002;0.725027;0.000070;,
  0.106252;0.760240;0.032348;,
  0.106252;0.760240;0.032348;,
  0.106252;0.760240;0.032348;,
  0.099022;0.712460;0.047739;,
  0.099022;0.712460;0.047739;,
  0.099022;0.712460;0.047739;,
  0.099022;0.712460;0.047739;,
  0.099022;0.712460;0.047739;,
