xof 0303txt 0032
template XSkinMeshHeader {
 <3cf169ce-ff7c-44ab-93c0-f78f62d172e2>
 WORD nMaxSkinWeightsPerVertex;
 WORD nMaxSkinWeightsPerFace;
 WORD nBones;
}

template VertexDuplicationIndices {
 <b8d65549-d7c9-4995-89cf-53a9a8b031e3>
 DWORD nIndices;
 DWORD nOriginalVertices;
 array DWORD indices[nIndices];
}

template SkinWeights {
 <6f0d123b-bad2-4167-a0d0-80224f25fabb>
 STRING transformNodeName;
 DWORD nWeights;
 array DWORD vertexIndices[nWeights];
 array FLOAT weights[nWeights];
 Matrix4x4 matrixOffset;
}

template AnimTicksPerSecond {
 <9e415a43-7ba6-4a73-8743-b73d47e88476>
 DWORD AnimTicksPerSecond;
}

template VertexElement {
 <f752461c-1e23-48f6-b9f8-8350850f336f>
 DWORD Type;
 DWORD Method;
 DWORD Usage;
 DWORD UsageIndex;
}

template DeclData {
 <bf22e553-292c-4781-9fea-62bd554bdd93>
 DWORD nElements;
 array VertexElement Elements[nElements];
 DWORD nDWords;
 array DWORD data[nDWords];
}


AnimTicksPerSecond {
 4800;
}

Frame Dummy01 {
 

 FrameTransformMatrix {
  1.000000,0.000000,0.000000,0.000000,0.000000,-0.000000,-1.000000,0.000000,0.000000,1.000000,-0.000000,0.000000,0.000000,0.000000,0.000000,1.000000;;
 }

 Frame Bip01 {
  

  FrameTransformMatrix {
   0.380301,0.870635,-0.312035,0.000000,0.137346,0.280479,0.949983,0.000000,0.914608,-0.404136,-0.012912,0.000000,-0.005481,0.059454,0.472346,1.000000;;
  }

  Frame Bip01_Pelvis {
   

   FrameTransformMatrix {
    0.000000,1.000000,-0.000001,0.000000,-0.000001,0.000001,1.000000,0.000000,1.000000,0.000000,0.000001,0.000000,0.000000,0.000000,0.000000,1.000000;;
   }

   Frame Bip01_Spine {
    

    FrameTransformMatrix {
     0.969208,-0.234833,-0.074096,0.000000,0.218257,0.958563,-0.183090,0.000000,0.114021,0.161280,0.980300,0.000000,0.051624,-0.000014,-0.000083,1.000000;;
    }

    Frame Bip01_Spine1 {
     

     FrameTransformMatrix {
      0.900752,-0.000302,0.434334,0.000000,-0.165265,0.924542,0.343380,0.000000,-0.401664,-0.381080,0.832733,0.000000,0.106514,0.000032,-0.000071,1.000000;;
     }

     Frame Bip01_Neck {
      

      FrameTransformMatrix {
       0.903366,0.000001,0.428870,0.000000,-0.000001,1.000000,-0.000000,0.000000,-0.428870,-0.000000,0.903366,0.000000,0.130516,0.000000,0.004628,1.000000;;
      }

      Frame Bip01_Head {
       

       FrameTransformMatrix {
        0.521405,-0.144528,-0.840981,0.000000,0.137051,0.986941,-0.084641,0.000000,0.842231,-0.071125,0.534404,0.000000,0.033674,0.000000,-0.000000,1.000000;;
       }

       Frame Bip01_HeadNub {
        

        FrameTransformMatrix {
         1.000000,0.000000,0.000000,0.000000,0.000000,1.000000,0.000000,0.000000,-0.000000,-0.000000,1.000000,0.000000,0.169824,0.000000,0.000000,1.000000;;
        }
       }
      }

      Frame Bip01_L_Clavicle {
       

       FrameTransformMatrix {
        0.397924,0.910142,0.115317,0.000000,0.820095,-0.296548,-0.489390,0.000000,-0.411217,0.289311,-0.864407,0.000000,-0.023698,0.015715,0.006128,1.000000;;
       }

       Frame Bip01_L_UpperArm {
        

        FrameTransformMatrix {
         0.431363,0.403403,-0.806965,0.000000,0.582335,0.558673,0.590568,0.000000,0.689066,-0.724673,0.006075,0.000000,0.087086,0.000000,0.000000,1.000000;;
        }

        Frame Bip01_L_Forearm {
         

         FrameTransformMatrix {
          0.858437,0.000000,-0.512919,0.000000,-0.000000,1.000000,-0.000000,0.000000,0.512919,-0.000000,0.858437,0.000000,0.137062,0.000000,0.000000,1.000000;;
         }

         Frame Bip01_L_Hand {
          

          FrameTransformMatrix {
           0.927303,0.242486,-0.285149,0.000000,-0.150350,0.938933,0.309516,0.000000,0.342789,-0.244143,0.907133,0.000000,0.137062,0.000000,-0.000000,1.000000;;
          }

          Frame Bip01_L_Finger0 {
           

           FrameTransformMatrix {
            0.469430,-0.728558,0.498838,0.000000,0.881219,0.422128,-0.212748,0.000000,-0.055575,0.539456,0.840178,0.000000,0.057681,-0.023605,-0.000272,1.000000;;
           }

           Frame Bip01_L_Finger0Nub {
            

            FrameTransformMatrix {
             1.000000,-0.000000,0.000000,0.000000,0.000000,1.000000,-0.000000,0.000000,0.000000,-0.000000,1.000000,0.000000,0.029435,0.000000,0.000000,1.000000;;
            }
           }
          }

          Frame Bip01_L_Finger1 {
           

           FrameTransformMatrix {
            0.488529,-0.000695,0.872547,0.000000,0.000000,1.000000,0.000796,0.000000,-0.872548,-0.000389,0.488529,0.000000,0.084102,0.000000,-0.000000,1.000000;;
           }

           Frame Bip01_L_Finger1Nub {
            

            FrameTransformMatrix {
             1.000000,0.000000,0.000000,0.000000,-0.000000,1.000000,0.000000,0.000000,0.000000,0.000000,1.000000,0.000000,0.047988,0.000000,0.000000,1.000000;;
            }
           }
          }
         }
        }
       }
      }

      Frame Bip01_R_Clavicle {
       

       FrameTransformMatrix {
        0.290115,-0.951059,0.106395,0.000000,-0.860649,-0.210676,0.463572,0.000000,-0.418469,-0.226058,-0.879648,0.000000,-0.023698,-0.015714,0.006128,1.000000;;
       }

       Frame Bip01_R_UpperArm {
        

        FrameTransformMatrix {
         0.589515,-0.536910,-0.603489,0.000000,-0.171470,0.646909,-0.743039,0.000000,0.789348,0.541513,0.289299,0.000000,0.087086,0.000000,0.000000,1.000000;;
        }

        Frame Bip01_R_Forearm {
         

         FrameTransformMatrix {
          0.747948,-0.000000,-0.663757,0.000000,0.000000,1.000000,-0.000000,0.000000,0.663757,0.000000,0.747948,0.000000,0.137062,0.000000,0.000000,1.000000;;
         }

         Frame Bip01_R_Hand {
          

          FrameTransformMatrix {
           0.723944,-0.539683,0.429706,0.000000,0.359593,-0.236362,-0.902677,0.000000,0.588726,0.808007,0.022953,0.000000,0.137062,0.000000,0.000000,1.000000;;
          }

          Frame Bip01_R_Finger0 {
           

           FrameTransformMatrix {
            0.310056,0.696336,0.647288,0.000000,-0.945910,0.294338,0.136458,0.000000,-0.095501,-0.654586,0.749933,0.000000,0.057681,0.023605,-0.000272,1.000000;;
           }

           Frame Bip01_R_Finger0Nub {
            

            FrameTransformMatrix {
             -1.000000,-0.000000,0.000000,0.000000,0.000000,1.000000,-0.000000,0.000000,0.000000,0.000000,-1.000000,0.000000,0.029435,0.000000,0.000000,1.000000;;
            }
           }
          }

          Frame Bip01_R_Finger1 {
           

           FrameTransformMatrix {
            0.790201,0.000488,0.612847,0.000000,0.000000,1.000000,-0.000796,0.000000,-0.612847,0.000629,0.790201,0.000000,0.084102,0.000000,0.000000,1.000000;;
           }

           Frame Bip01_R_Finger1Nub {
            

            FrameTransformMatrix {
             -1.000000,0.000000,0.000000,0.000000,0.000000,1.000000,-0.000000,0.000000,0.000000,0.000000,-1.000000,0.000000,0.047988,0.000000,0.000000,1.000000;;
            }
           }
          }
         }
        }
       }
      }
     }

     Frame Bip01_BackPack {
      

      FrameTransformMatrix {
       0.180560,0.080500,-0.980264,0.000000,0.047560,0.994765,0.090451,0.000000,0.982413,-0.062954,0.175786,0.000000,0.063697,0.000003,-0.088856,1.000000;;
      }

      Frame Bip01_BackPackNub {
       

       FrameTransformMatrix {
        0.000796,0.000003,1.000000,0.000000,0.000000,-1.000000,0.000003,0.000000,1.000000,-0.000000,-0.000796,0.000000,0.053240,0.000000,0.000000,1.000000;;
       }
      }
     }
    }

    Frame Bip01_L_Thigh {
     

     FrameTransformMatrix {
      -0.992083,-0.068310,-0.105381,0.000000,0.091451,-0.968065,-0.233425,0.000000,-0.086070,-0.241214,0.966648,0.000000,-0.063012,0.041668,0.003104,1.000000;;
     }

     Frame Bip01_L_Calf {
      

      FrameTransformMatrix {
       0.852625,-0.000000,-0.522524,0.000000,-0.000000,1.000000,-0.000000,0.000000,0.522524,0.000000,0.852625,0.000000,0.237500,0.000000,0.000000,1.000000;;
      }

      Frame Bip01_L_Foot {
       

       FrameTransformMatrix {
        0.878504,-0.275434,-0.390341,0.000000,0.174153,0.945480,-0.275205,0.000000,0.444861,0.173790,0.878576,0.000000,0.206841,-0.000000,-0.000000,1.000000;;
       }

       Frame Bip01_L_Toe0 {
        

        FrameTransformMatrix {
         -0.899053,0.000000,0.437839,0.000000,0.000000,1.000000,0.000000,0.000000,-0.437839,0.000000,-0.899053,0.000000,0.065373,0.000000,0.066450,1.000000;;
        }

        Frame Bip01_L_Toe0Nub {
         

         FrameTransformMatrix {
          -1.000000,-0.000000,0.000000,0.000000,0.000000,1.000000,-0.000000,0.000000,-0.000000,-0.000000,-1.000000,0.000000,0.006735,0.000000,0.000000,1.000000;;
         }
        }
       }
      }
     }
    }

    Frame Bip01_R_Thigh {
     

     FrameTransformMatrix {
      -0.658301,-0.471359,0.586907,0.000000,0.104518,-0.829362,-0.548849,0.000000,0.745463,-0.299965,0.595235,0.000000,-0.037075,-0.064206,-0.014709,1.000000;;
     }

     Frame Bip01_R_Calf {
      

      FrameTransformMatrix {
       0.714640,-0.000000,-0.699492,0.000000,-0.000000,1.000000,-0.000000,0.000000,0.699492,-0.000000,0.714640,0.000000,0.237500,0.000000,0.000000,1.000000;;
      }

      Frame Bip01_R_Foot {
       

       FrameTransformMatrix {
        0.968429,0.000311,0.249291,0.000000,-0.046633,0.982573,0.179932,0.000000,-0.244891,-0.185877,0.951566,0.000000,0.206841,0.000000,0.000000,1.000000;;
       }

       Frame Bip01_R_Toe0 {
        

        FrameTransformMatrix {
         -0.000001,0.293270,0.956030,0.000000,0.000001,0.956030,-0.293270,0.000000,-1.000000,0.000000,-0.000001,0.000000,0.065373,0.000000,0.066450,1.000000;;
        }

        Frame Bip01_R_Toe0Nub {
         

         FrameTransformMatrix {
          1.000000,-0.000000,0.000000,0.000000,0.000000,1.000000,0.000000,0.000000,0.000000,0.000000,1.000000,0.000000,0.006735,-0.000000,-0.000000,1.000000;;
         }
        }
       }
      }
     }
    }
   }

   Frame Bip01_DressFront {
    

    FrameTransformMatrix {
     -0.687484,-0.102479,0.718932,0.000000,-0.140159,0.990104,0.007105,0.000000,-0.712545,-0.095880,-0.695044,0.000000,-0.043898,0.001413,0.061043,1.000000;;
    }

    Frame Bip01_DressFront02 {
     

     FrameTransformMatrix {
      0.986827,-0.157817,0.035573,0.000000,0.158140,0.987396,-0.006418,0.000000,-0.034112,0.011959,0.999347,0.000000,0.183329,-0.000002,-0.000132,1.000000;;
     }

     Frame Bip01_DressFrontNub {
      

      FrameTransformMatrix {
       0.000796,0.000003,1.000000,0.000000,-0.000000,-1.000000,0.000003,0.000000,1.000000,-0.000000,-0.000796,0.000000,0.165302,0.000000,0.000000,1.000000;;
      }
     }
    }
   }

   Frame Bip01_DressBack {
    

    FrameTransformMatrix {
     -0.882384,0.064962,0.466025,0.000000,-0.136047,0.912898,-0.384850,0.000000,-0.450434,-0.402987,-0.796688,0.000000,-0.047669,0.000057,-0.078308,1.000000;;
    }

    Frame Bip01_DressBack02 {
     

     FrameTransformMatrix {
      0.950170,-0.137078,0.279977,0.000000,0.179285,0.975027,-0.131067,0.000000,-0.255019,0.174731,0.951017,0.000000,0.176186,-0.000019,-0.000103,1.000000;;
     }

     Frame Bip01_DressBackNub {
      

      FrameTransformMatrix {
       0.000796,0.000003,1.000000,0.000000,0.000000,-1.000000,0.000003,0.000000,1.000000,0.000000,-0.000796,0.000000,0.136508,-0.000000,0.000000,1.000000;;
      }
     }
    }
   }
  }

  Frame Bip01_Prop1 {
   

   FrameTransformMatrix {
    -0.439977,-0.329505,0.835372,0.000000,0.041023,0.921903,0.385243,0.000000,-0.897071,0.203767,-0.392099,0.000000,0.264869,0.364981,-0.182526,1.000000;;
   }
  }

  Frame Bip01_Prop2 {
   

   FrameTransformMatrix {
    0.950269,-0.238427,0.200355,0.000000,0.270937,0.950143,-0.154344,0.000000,-0.153566,0.200952,0.967490,0.000000,0.312699,0.349592,-0.053170,1.000000;;
   }
  }
 }
}

Frame Translation_Data {
 

 FrameTransformMatrix {
  1.000000,0.000000,0.000000,0.000000,0.000000,-0.000000,-1.000000,0.000000,0.000000,1.000000,-0.000000,0.000000,0.000000,-0.000000,0.000000,1.000000;;
 }
}

Frame Body {
 

 FrameTransformMatrix {
  1.000000,0.000000,0.000000,0.000000,0.000000,1.000000,0.000000,0.000000,0.000000,0.000000,1.000000,0.000000,0.000000,0.000000,0.000000,1.000000;;
 }

 Mesh Body {
  617;
  0.069941;0.694793;-0.198427;,
  0.036866;0.713562;-0.191391;,
  0.041153;0.680470;-0.185445;,
  0.082938;0.676193;-0.186461;,
  0.087531;0.659769;-0.159998;,
  0.047761;0.645414;-0.178656;,
  0.057585;0.625138;-0.154980;,
  0.084634;0.645174;-0.121894;,
  0.033802;0.752596;-0.174615;,
  0.070685;0.737549;-0.171244;,
  0.076484;0.747468;-0.134611;,
  0.043246;0.755320;-0.135085;,
  0.062834;0.530228;-0.005971;,
  0.015135;0.533886;-0.000155;,
  0.017050;0.544852;-0.008309;,
  0.056687;0.542331;-0.013919;,
  0.075174;0.527056;-0.064601;,
  0.076901;0.503048;-0.036515;,
  0.062477;0.512930;-0.101514;,
  0.047739;0.460302;-0.078776;,
  0.071416;0.471649;-0.061854;,
  0.008535;0.644870;-0.190759;,
  0.008334;0.617074;-0.175209;,
  -0.023801;0.530300;-0.016142;,
  -0.021680;0.541083;-0.025839;,
  0.014346;0.651135;-0.034134;,
  -0.034256;0.646775;-0.049678;,
  -0.026782;0.689845;-0.065713;,
  0.028316;0.692709;-0.054407;,
  0.058277;0.419156;-0.060295;,
  0.060747;0.326763;-0.023489;,
  0.087314;0.337866;0.014278;,
  0.078402;0.432742;-0.015741;,
  0.057595;0.231951;0.011416;,
  0.071074;0.255392;0.055917;,
  0.005471;0.422937;-0.055870;,
  -0.028232;0.434143;0.020767;,
  -0.010958;0.357654;0.052800;,
  0.007439;0.331155;-0.015981;,
  0.008642;0.271805;0.068139;,
  0.018493;0.248068;0.035769;,
  0.051992;0.434784;0.040162;,
  0.066787;0.361212;0.071101;,
  0.047429;0.277227;0.079566;,
  0.026249;0.116709;0.271990;,
  -0.018646;0.113718;0.271311;,
  -0.013316;0.161099;0.281796;,
  0.021540;0.160833;0.281762;,
  0.041352;0.202889;0.071874;,
  0.026024;0.155355;0.126614;,
  0.045310;0.177856;0.154941;,
  0.062788;0.225992;0.100540;,
  0.008822;0.103351;0.190785;,
  0.022470;0.127101;0.209077;,
  -0.007571;0.204739;0.086281;,
  -0.018265;0.254670;0.108628;,
  -0.021802;0.206122;0.153004;,
  -0.009244;0.169704;0.134291;,
  -0.012090;0.149838;0.205081;,
  -0.012551;0.121893;0.210300;,
  0.050802;0.266212;0.126677;,
  0.036542;0.210281;0.173851;,
  0.011645;0.153341;0.206064;,
  0.076553;0.477166;-0.021455;,
  0.013684;0.449822;-0.103547;,
  0.003620;0.421418;-0.081680;,
  0.005471;0.422937;-0.055870;,
  0.056750;0.489103;0.028031;,
  0.001675;0.495995;0.029097;,
  0.049261;0.445583;0.038616;,
  -0.001141;0.454161;0.039176;,
  0.012407;0.601056;-0.021268;,
  0.049245;0.647200;-0.036484;,
  0.065477;0.646638;-0.048170;,
  0.078114;0.628815;-0.094698;,
  0.065501;0.586238;-0.074573;,
  0.051257;0.599420;-0.029321;,
  0.059401;0.609276;-0.134445;,
  0.057681;0.570777;-0.106454;,
  0.016845;0.606508;-0.159760;,
  0.016727;0.557378;-0.128516;,
  0.097911;0.740466;-0.221601;,
  0.066662;0.697838;-0.211501;,
  0.116569;0.737173;-0.268569;,
  0.079847;0.689892;-0.271000;,
  0.100172;0.684595;-0.319284;,
  0.130019;0.722899;-0.317654;,
  0.113711;0.659554;-0.205788;,
  0.129632;0.650170;-0.253418;,
  0.079847;0.689892;-0.271000;,
  0.141215;0.651242;-0.308119;,
  0.100172;0.684595;-0.319284;,
  0.124388;0.661710;-0.202663;,
  0.147366;0.700204;-0.204816;,
  0.166418;0.697531;-0.250674;,
  0.171023;0.689386;-0.306573;,
  0.124177;0.729048;-0.212890;,
  0.125804;0.731815;-0.337131;,
  0.090810;0.686505;-0.341899;,
  0.091392;0.699667;-0.401132;,
  0.113655;0.728308;-0.395522;,
  0.097732;0.698055;-0.446400;,
  0.106790;0.723307;-0.445099;,
  0.090810;0.686505;-0.341899;,
  0.140418;0.647745;-0.345440;,
  0.141135;0.671577;-0.404364;,
  0.091392;0.699667;-0.401132;,
  0.131332;0.693922;-0.447153;,
  0.097732;0.698055;-0.446400;,
  0.175320;0.692742;-0.340640;,
  0.157945;0.693714;-0.399732;,
  0.136691;0.703016;-0.449133;,
  0.085633;0.725194;-0.563301;,
  0.089300;0.713221;-0.545216;,
  0.125504;0.737045;-0.524229;,
  0.121437;0.748571;-0.542167;,
  0.066664;0.696103;-0.519151;,
  0.065847;0.703756;-0.527310;,
  0.058648;0.710450;-0.522367;,
  0.056586;0.698483;-0.513779;,
  0.137202;0.716379;-0.484349;,
  0.125074;0.742647;-0.507988;,
  0.079276;0.717274;-0.501350;,
  0.095440;0.689620;-0.487829;,
  0.120646;0.742572;-0.462640;,
  0.114636;0.759297;-0.504529;,
  0.076746;0.714833;-0.464970;,
  0.070675;0.734782;-0.497349;,
  0.095698;0.746352;-0.188310;,
  0.095917;0.731187;-0.213865;,
  0.070685;0.737549;-0.171244;,
  0.065343;0.724027;-0.195097;,
  0.067657;0.689175;-0.059648;,
  0.046961;0.731159;-0.188362;,
  0.092408;0.706557;-0.217417;,
  0.069941;0.694793;-0.198427;,
  0.082938;0.676193;-0.186461;,
  0.093881;0.698291;-0.200887;,
  0.091219;0.714123;-0.105843;,
  0.044125;0.723971;-0.087618;,
  0.095229;0.714973;-0.112015;,
  -0.013559;0.721502;-0.094308;,
  -0.002070;0.748091;-0.146919;,
  0.076484;0.747468;-0.134611;,
  0.095229;0.714973;-0.112015;,
  0.086299;0.672223;-0.140722;,
  0.097848;0.704986;-0.117942;,
  0.066662;0.697838;-0.211501;,
  0.077466;0.670380;-0.082359;,
  0.079301;0.649722;-0.109409;,
  0.087531;0.659769;-0.159998;,
  0.078749;0.681116;-0.070010;,
  0.095440;0.689620;-0.487829;,
  0.035577;0.759256;-0.195264;,
  0.047504;0.747315;-0.208779;,
  0.004914;0.756782;-0.178737;,
  0.008977;0.763494;-0.194599;,
  0.070675;0.734782;-0.497349;,
  0.085633;0.725194;-0.563301;,
  0.121437;0.748571;-0.542167;,
  0.080945;0.693434;-0.505471;,
  0.060458;0.705929;-0.495718;,
  0.080945;0.693434;-0.505471;,
  0.079226;0.708376;-0.514989;,
  0.067608;0.725970;-0.502292;,
  0.067608;0.725970;-0.502292;,
  0.066664;0.696103;-0.519151;,
  0.056586;0.698483;-0.513779;,
  0.058648;0.710450;-0.522367;,
  0.032490;0.046288;0.234390;,
  0.000915;0.008998;0.229329;,
  0.002236;-0.002046;0.245931;,
  0.038050;0.034593;0.253966;,
  -0.017063;0.157861;0.246886;,
  -0.013316;0.161099;0.281796;,
  -0.018646;0.113718;0.271311;,
  -0.020017;0.116582;0.246390;,
  -0.012090;0.149838;0.205081;,
  0.011645;0.153341;0.206064;,
  0.024477;0.157989;0.243820;,
  0.026249;0.116709;0.271990;,
  0.021540;0.160833;0.281762;,
  0.027400;0.121770;0.237324;,
  0.008822;0.103351;0.190785;,
  0.022470;0.127101;0.209077;,
  -0.032704;0.008168;0.248155;,
  -0.026577;0.018560;0.234529;,
  0.038050;0.034593;0.253966;,
  -0.032704;0.008168;0.248155;,
  0.007439;0.331155;-0.015981;,
  0.018493;0.248068;0.035769;,
  -0.007571;0.204739;0.086281;,
  -0.009244;0.169704;0.134291;,
  -0.012551;0.121893;0.210300;,
  -0.012551;0.121893;0.210300;,
  -0.017292;0.425282;-0.034229;,
  0.059332;0.750786;-0.223440;,
  0.053990;0.745081;-0.243427;,
  0.045889;0.737363;-0.242500;,
  0.042098;0.735069;-0.221662;,
  0.046033;0.769668;-0.202352;,
  0.034164;0.779252;-0.183649;,
  0.016359;0.883114;-0.247286;,
  -0.003587;0.884862;-0.250027;,
  0.001741;0.871325;-0.276095;,
  0.045625;0.816991;-0.287530;,
  0.037118;0.844878;-0.281813;,
  0.030018;0.813194;-0.296173;,
  0.060343;0.779064;-0.220920;,
  0.057498;0.765781;-0.247388;,
  0.055077;0.762176;-0.215627;,
  0.054418;0.814669;-0.206056;,
  0.056574;0.823489;-0.228851;,
  0.051745;0.859403;-0.237311;,
  0.047139;0.854447;-0.264409;,
  0.056604;0.817169;-0.255357;,
  0.034670;0.826518;-0.172496;,
  0.049160;0.818898;-0.190667;,
  -0.005370;0.822486;-0.166477;,
  -0.009963;0.868790;-0.182741;,
  0.023937;0.871005;-0.188557;,
  0.059962;0.794876;-0.252667;,
  0.049632;0.786552;-0.277189;,
  0.051474;0.754215;-0.261578;,
  0.042077;0.727239;-0.273280;,
  0.024669;0.720540;-0.284795;,
  0.022089;0.719638;-0.263831;,
  0.028927;0.863839;-0.275050;,
  0.037002;0.875758;-0.243663;,
  0.041722;0.869523;-0.205125;,
  0.027303;0.884303;-0.216767;,
  -0.008749;0.887528;-0.213080;,
  0.008784;0.887637;-0.213036;,
  0.001356;0.783876;-0.175322;,
  0.041722;0.869523;-0.205125;,
  0.027303;0.884303;-0.216767;,
  0.066210;0.782587;-0.220942;,
  0.070514;0.811958;-0.203688;,
  0.064113;0.829592;-0.213767;,
  0.060309;0.809916;-0.218384;,
  0.070514;0.811958;-0.203688;,
  0.066210;0.782587;-0.220942;,
  0.064113;0.829592;-0.213767;,
  0.056574;0.823489;-0.228851;,
  0.061227;0.799242;-0.233734;,
  0.060343;0.779064;-0.220920;,
  0.046371;0.808510;-0.278794;,
  0.061227;0.799242;-0.233734;,
  0.046961;0.731159;-0.188362;,
  0.047504;0.747315;-0.208779;,
  0.065343;0.724027;-0.195097;,
  0.046033;0.769668;-0.202352;,
  0.011461;0.693276;-0.205694;,
  0.009673;0.671264;-0.196845;,
  0.024743;0.508038;-0.122309;,
  -0.037037;0.493963;0.012651;,
  -0.040574;0.460556;0.019587;,
  -0.038258;0.439546;0.023058;,
  0.018162;0.711221;-0.237136;,
  -0.017292;0.425282;-0.034229;,
  0.008784;0.887637;-0.213036;,
  -0.008749;0.887528;-0.213080;,
  0.039151;0.758273;-0.280492;,
  0.029625;0.779363;-0.289782;,
  0.031147;0.769837;-0.289386;,
  0.004667;0.861402;-0.287625;,
  0.009368;0.839226;-0.299180;,
  0.027931;0.804490;-0.286720;,
  -0.030341;0.593521;-0.038571;,
  0.065343;0.724027;-0.195097;,
  0.002236;-0.002046;0.245931;,
  0.039422;0.751691;-0.279920;,
  0.033105;0.748282;-0.287652;,
  0.031791;0.753165;-0.284404;,
  0.019516;0.774876;-0.305702;,
  0.019410;0.766838;-0.295899;,
  0.031658;0.756810;-0.289441;,
  0.020361;0.751783;-0.286416;,
  0.022056;0.744852;-0.291770;,
  0.014410;0.809397;-0.304817;,
  0.015157;0.800271;-0.300391;,
  0.097848;0.704986;-0.117942;,
  0.020937;0.755112;-0.294593;,
  0.080069;0.682010;-0.129263;,
  0.086299;0.672223;-0.140722;,
  0.087531;0.659769;-0.159998;,
  0.049160;0.818898;-0.190667;,
  0.041352;0.202889;0.071874;,
  0.022829;0.184906;-0.077829;,
  0.020982;0.124510;-0.062724;,
  0.026024;0.155355;0.126614;,
  0.057595;0.231951;0.011416;,
  0.032846;0.235826;-0.076668;,
  0.060747;0.326763;-0.023489;,
  0.019356;0.323093;-0.082309;,
  0.058277;0.419157;-0.060295;,
  0.016214;0.404507;-0.087726;,
  0.047739;0.460302;-0.078776;,
  0.012918;0.067562;-0.055449;,
  0.008822;0.103351;0.190785;,
  -0.026331;0.210750;0.161620;,
  -0.036411;0.161771;0.208505;,
  -0.053155;0.090767;0.009740;,
  -0.041728;0.160209;0.001946;,
  -0.025460;0.222573;-0.015751;,
  -0.018358;0.264126;0.119799;,
  -0.015442;0.277833;-0.023843;,
  -0.007575;0.286382;0.089350;,
  -0.016895;0.363257;0.065341;,
  -0.029368;0.357044;0.006518;,
  -0.041250;0.433245;0.021145;,
  0.080069;0.682010;-0.129263;,
  -0.048193;0.692303;-0.221543;,
  -0.063731;0.673613;-0.215478;,
  -0.023811;0.679935;-0.199902;,
  -0.017927;0.713111;-0.203585;,
  -0.076371;0.657378;-0.196690;,
  -0.086778;0.633983;-0.171977;,
  -0.044541;0.618471;-0.184820;,
  -0.032124;0.644757;-0.196433;,
  -0.022879;0.752130;-0.187229;,
  -0.048235;0.754567;-0.155443;,
  -0.078864;0.746337;-0.167878;,
  -0.059250;0.735468;-0.196510;,
  -0.089630;0.532380;-0.073340;,
  -0.081000;0.536194;-0.078302;,
  -0.060119;0.541412;-0.044393;,
  -0.061740;0.534972;-0.034124;,
  -0.052990;0.521342;-0.124531;,
  -0.077159;0.505223;-0.104589;,
  -0.015635;0.509447;-0.138040;,
  -0.057340;0.475784;-0.116433;,
  -0.027301;0.461362;-0.111933;,
  -0.021680;0.541083;-0.025839;,
  -0.023801;0.530300;-0.016142;,
  -0.080043;0.637593;-0.070721;,
  -0.079450;0.685673;-0.085894;,
  -0.026782;0.689845;-0.065713;,
  -0.034256;0.646775;-0.049678;,
  -0.055147;0.452021;-0.132728;,
  -0.091510;0.437825;-0.104563;,
  -0.098164;0.356798;-0.165616;,
  -0.060628;0.373799;-0.189228;,
  -0.086927;0.270577;-0.200628;,
  -0.058604;0.282702;-0.241163;,
  -0.008039;0.449693;-0.119745;,
  -0.012655;0.361837;-0.167483;,
  -0.018202;0.323488;-0.102137;,
  -0.050376;0.434456;0.010982;,
  -0.030283;0.271915;-0.204277;,
  -0.032884;0.264947;-0.164972;,
  -0.097829;0.325129;-0.109116;,
  -0.093348;0.406399;-0.056904;,
  -0.073654;0.266286;-0.164444;,
  -0.076815;0.001127;-0.148161;,
  -0.079868;0.000381;-0.102832;,
  -0.045566;0.000317;-0.096636;,
  -0.032053;0.001085;-0.143542;,
  -0.058044;0.216770;-0.212213;,
  -0.089198;0.219773;-0.183308;,
  -0.083703;0.147001;-0.167308;,
  -0.054754;0.144489;-0.196228;,
  -0.073260;0.070230;-0.149757;,
  -0.052011;0.068104;-0.177176;,
  -0.015978;0.204390;-0.186104;,
  -0.024956;0.147459;-0.171493;,
  -0.022227;0.163461;-0.131862;,
  -0.017464;0.229019;-0.136125;,
  -0.037197;0.062511;-0.148706;,
  -0.042094;0.083823;-0.126321;,
  -0.084229;0.160133;-0.131072;,
  -0.089583;0.234320;-0.136057;,
  -0.066149;0.088258;-0.128176;,
  -0.088669;0.479498;-0.094461;,
  -0.008039;0.449693;-0.119745;,
  -0.075201;0.497080;-0.004872;,
  -0.111642;0.491480;-0.046375;,
  -0.066169;0.436397;-0.009775;,
  -0.100961;0.428296;-0.044017;,
  -0.071392;0.585889;-0.059729;,
  -0.102572;0.625419;-0.095331;,
  -0.107166;0.621869;-0.115089;,
  -0.089001;0.574034;-0.093697;,
  -0.061312;0.563286;-0.132777;,
  -0.082790;0.605730;-0.157067;,
  -0.028648;0.555153;-0.146077;,
  -0.039234;0.595125;-0.172679;,
  -0.063449;0.734995;-0.247947;,
  -0.072584;0.743664;-0.297001;,
  -0.050530;0.683248;-0.240803;,
  -0.081117;0.740135;-0.347235;,
  -0.065865;0.694135;-0.350599;,
  -0.053682;0.687034;-0.302064;,
  -0.107689;0.663659;-0.248616;,
  -0.053682;0.687034;-0.302064;,
  -0.116163;0.665775;-0.298954;,
  -0.065865;0.694135;-0.350599;,
  -0.115755;0.677036;-0.356059;,
  -0.117461;0.669089;-0.246761;,
  -0.135158;0.722468;-0.293582;,
  -0.125647;0.713205;-0.245658;,
  -0.130997;0.722888;-0.352835;,
  -0.093174;0.732704;-0.245233;,
  -0.067902;0.749262;-0.358858;,
  -0.036671;0.749984;-0.409784;,
  -0.023650;0.716231;-0.415994;,
  -0.049021;0.695351;-0.364980;,
  -0.013858;0.751299;-0.454444;,
  -0.005462;0.728437;-0.456606;,
  -0.049021;0.695351;-0.364980;,
  -0.023650;0.716231;-0.415994;,
  -0.074629;0.709624;-0.441123;,
  -0.103171;0.678912;-0.393019;,
  -0.005462;0.728437;-0.456606;,
  -0.040459;0.721626;-0.471885;,
  -0.084453;0.735521;-0.435935;,
  -0.122045;0.732502;-0.386887;,
  -0.045246;0.741572;-0.472921;,
  0.001317;0.805015;-0.569610;,
  -0.036042;0.775447;-0.567354;,
  -0.029020;0.758866;-0.555234;,
  0.008883;0.788500;-0.557205;,
  0.027407;0.778118;-0.512598;,
  0.029203;0.787371;-0.505724;,
  0.022398;0.793315;-0.517539;,
  0.025240;0.783704;-0.522080;,
  -0.028776;0.727091;-0.505934;,
  0.012045;0.751799;-0.491959;,
  -0.001331;0.780866;-0.505563;,
  -0.039468;0.753687;-0.529895;,
  -0.050782;0.769867;-0.527010;,
  -0.051485;0.749949;-0.486104;,
  -0.009317;0.775881;-0.470247;,
  -0.014282;0.795748;-0.502864;,
  -0.079078;0.742000;-0.219947;,
  -0.070380;0.726391;-0.243696;,
  -0.046418;0.721517;-0.217016;,
  -0.059250;0.735468;-0.196510;,
  -0.109716;0.677595;-0.111473;,
  -0.028629;0.730537;-0.205183;,
  -0.064144;0.701476;-0.244840;,
  -0.069867;0.689701;-0.230492;,
  -0.063731;0.673613;-0.215478;,
  -0.048193;0.692303;-0.221543;,
  -0.105669;0.713074;-0.148818;,
  -0.106897;0.714031;-0.155893;,
  -0.068668;0.723043;-0.112719;,
  -0.013559;0.721502;-0.094308;,
  -0.002070;0.748091;-0.146919;,
  -0.078864;0.746337;-0.167878;,
  -0.106897;0.714031;-0.155893;,
  -0.084303;0.669743;-0.177124;,
  -0.050530;0.683248;-0.240803;,
  -0.106494;0.703205;-0.161444;,
  -0.089022;0.638733;-0.158589;,
  -0.103952;0.658536;-0.135366;,
  -0.076371;0.657378;-0.196690;,
  -0.112787;0.668612;-0.125973;,
  0.012045;0.751799;-0.491959;,
  -0.021395;0.742507;-0.221212;,
  -0.015395;0.755699;-0.204462;,
  0.008977;0.763494;-0.194599;,
  0.004914;0.756782;-0.178737;,
  -0.014282;0.795748;-0.502864;,
  0.001317;0.805015;-0.569610;,
  -0.036042;0.775447;-0.567354;,
  0.014740;0.788213;-0.492060;,
  0.016336;0.764702;-0.502817;,
  0.016336;0.764702;-0.502817;,
  0.009766;0.775486;-0.515361;,
  -0.001639;0.794968;-0.505554;,
  -0.001639;0.794968;-0.505554;,
  0.029203;0.787371;-0.505724;,
  0.027407;0.778118;-0.512598;,
  0.022398;0.793315;-0.517539;,
  -0.069887;0.023872;-0.224624;,
  -0.074134;0.002363;-0.233005;,
  -0.032457;0.002809;-0.263867;,
  -0.032387;0.021283;-0.256251;,
  -0.040064;0.033862;-0.106002;,
  -0.030271;0.026071;-0.145452;,
  -0.032053;0.001085;-0.143542;,
  -0.045566;0.000317;-0.096636;,
  -0.042094;0.083823;-0.126321;,
  -0.080908;0.036991;-0.113553;,
  -0.066149;0.088258;-0.128176;,
  -0.076815;0.001127;-0.148161;,
  -0.077528;0.036106;-0.150300;,
  -0.079868;0.000381;-0.102832;,
  -0.052011;0.068104;-0.177176;,
  -0.073260;0.070230;-0.149757;,
  -0.007076;0.018039;-0.241314;,
  0.000193;0.002592;-0.247620;,
  0.000193;0.002592;-0.247620;,
  -0.074134;0.002363;-0.233005;,
  -0.012655;0.361837;-0.167483;,
  -0.030283;0.271915;-0.204277;,
  -0.015978;0.204390;-0.186104;,
  -0.024956;0.147459;-0.171493;,
  -0.037197;0.062511;-0.148706;,
  -0.037197;0.062511;-0.148706;,
  -0.031200;0.737696;-0.235146;,
  -0.011274;0.731345;-0.231293;,
  -0.010242;0.729247;-0.249758;,
  -0.019674;0.734429;-0.252952;,
  -0.029384;0.758762;-0.212103;,
  -0.025709;0.770595;-0.191391;,
  -0.022282;0.877527;-0.252282;,
  -0.003587;0.884862;-0.250027;,
  -0.020967;0.807362;-0.296140;,
  -0.003279;0.808379;-0.300479;,
  -0.022273;0.836290;-0.289493;,
  -0.027710;0.753460;-0.258405;,
  -0.040647;0.764461;-0.233978;,
  -0.032376;0.749531;-0.226935;,
  -0.048779;0.799747;-0.219400;,
  -0.047557;0.808432;-0.242316;,
  -0.039217;0.803314;-0.267746;,
  -0.038572;0.842053;-0.275491;,
  -0.050979;0.844550;-0.250593;,
  -0.048917;0.804716;-0.203348;,
  -0.042130;0.815413;-0.182427;,
  -0.005370;0.822486;-0.166477;,
  -0.040572;0.861678;-0.196898;,
  -0.009963;0.868790;-0.182741;,
  -0.036789;0.780886;-0.265176;,
  -0.015363;0.744551;-0.270221;,
  -0.018777;0.776660;-0.286034;,
  0.003787;0.721702;-0.278231;,
  -0.021646;0.856526;-0.281590;,
  -0.040280;0.864583;-0.253656;,
  -0.040370;0.874518;-0.225517;,
  -0.052524;0.855895;-0.217311;,
  -0.025052;0.882744;-0.217411;,
  -0.008749;0.887528;-0.213080;,
  0.001356;0.783876;-0.175322;,
  -0.052524;0.855895;-0.217311;,
  -0.040370;0.874518;-0.225517;,
  -0.047065;0.766208;-0.235589;,
  -0.049846;0.793988;-0.232627;,
  -0.060009;0.811644;-0.229817;,
  -0.063542;0.792574;-0.221021;,
  -0.047065;0.766208;-0.235589;,
  -0.063542;0.792574;-0.221021;,
  -0.060009;0.811644;-0.229817;,
  -0.047557;0.808432;-0.242316;,
  -0.043898;0.784042;-0.247327;,
  -0.040647;0.764461;-0.233978;,
  -0.021472;0.798700;-0.287566;,
  -0.043898;0.784042;-0.247327;,
  -0.021395;0.742507;-0.221212;,
  -0.028629;0.730537;-0.205183;,
  -0.046418;0.721517;-0.217016;,
  -0.029384;0.758762;-0.212103;,
  -0.037037;0.493963;0.012651;,
  -0.040574;0.460556;0.019587;,
  -0.038258;0.439546;0.023058;,
  -0.017292;0.425282;-0.034229;,
  -0.025052;0.882744;-0.217411;,
  -0.008749;0.887528;-0.213080;,
  -0.000351;0.752562;-0.285600;,
  0.006066;0.766210;-0.292629;,
  0.004921;0.775791;-0.292976;,
  -0.001274;0.800267;-0.290496;,
  -0.030341;0.593521;-0.038571;,
  -0.046418;0.721517;-0.217016;,
  -0.032457;0.002809;-0.263867;,
  0.009825;0.744916;-0.290662;,
  0.001089;0.746149;-0.284877;,
  0.008874;0.749851;-0.287367;,
  0.009236;0.753568;-0.292340;,
  -0.106494;0.703205;-0.161444;,
  -0.084073;0.679476;-0.164808;,
  -0.084303;0.669743;-0.177124;,
  -0.076371;0.657378;-0.196690;,
  -0.048917;0.804716;-0.203348;,
  -0.011020;0.213479;-0.225924;,
  -0.021070;0.143453;-0.237467;,
  0.001822;0.133542;-0.176665;,
  0.007973;0.199338;-0.163611;,
  -0.013303;0.278093;-0.223733;,
  0.017016;0.256213;-0.169070;,
  -0.006718;0.359360;-0.171876;,
  0.011484;0.335595;-0.135481;,
  -0.005668;0.438137;-0.129751;,
  0.007831;0.412919;-0.107627;,
  0.013684;0.449822;-0.103547;,
  -0.027301;0.461362;-0.111933;,
  -0.023957;0.077300;-0.251485;,
  -0.002102;0.077890;-0.190864;,
  -0.023609;0.087028;-0.087097;,
  -0.066135;0.088259;-0.128174;,
  -0.084229;0.160133;-0.131072;,
  -0.026374;0.160620;-0.100331;,
  -0.089583;0.234320;-0.136057;,
  -0.025241;0.227276;-0.120725;,
  -0.025294;0.259076;-0.133439;,
  -0.073654;0.266286;-0.164444;,
  -0.097829;0.325129;-0.109116;,
  -0.016623;0.314567;-0.087158;,
  -0.040574;0.460556;0.019587;,
  -0.066169;0.436397;-0.009775;,
  -0.084073;0.679476;-0.164808;,
  -0.055147;0.452022;-0.132728;,
  -0.060628;0.373799;-0.189228;,
  -0.058604;0.282702;-0.241163;,
  -0.058044;0.216770;-0.212213;,
  -0.054754;0.144489;-0.196228;,
  -0.052011;0.068104;-0.177176;,
  0.066787;0.361212;0.071101;,
  -0.001141;0.454161;0.039176;,
  0.051992;0.434784;0.040162;,
  0.047429;0.277227;0.079566;,
  0.050802;0.266212;0.126677;,
  0.036542;0.210281;0.173851;,
  0.011645;0.153341;0.206064;,
  -0.093348;0.406399;-0.056904;;
  916;
  3;0,2,1;,
  3;2,0,3;,
  3;4,6,5;,
  3;6,4,7;,
  3;8,10,9;,
  3;10,8,11;,
  3;12,14,13;,
  3;14,12,15;,
  3;16,12,17;,
  3;12,16,15;,
  3;18,20,19;,
  3;20,18,16;,
  3;5,22,21;,
  3;22,5,6;,
  3;13,24,23;,
  3;24,13,14;,
  3;25,27,26;,
  3;27,25,28;,
  3;29,31,30;,
  3;31,29,32;,
  3;31,33,30;,
  3;33,31,34;,
  3;35,37,36;,
  3;37,35,38;,
  3;38,39,37;,
  3;39,38,40;,
  3;36,42,41;,
  3;42,36,37;,
  3;37,43,42;,
  3;43,37,39;,
  3;41,31,32;,
  3;31,41,42;,
  3;42,34,31;,
  3;34,42,43;,
  3;44,46,45;,
  3;46,44,47;,
  3;48,50,49;,
  3;50,48,51;,
  3;49,53,52;,
  3;53,49,50;,
  3;54,56,55;,
  3;56,54,57;,
  3;57,58,56;,
  3;58,57,59;,
  3;55,61,60;,
  3;61,55,56;,
  3;56,62,61;,
  3;62,56,58;,
  3;60,50,51;,
  3;50,60,61;,
  3;61,53,50;,
  3;53,61,62;,
  3;32,20,63;,
  3;20,32,29;,
  3;64,66,65;,
  3;66,64,19;,
  3;13,67,12;,
  3;67,13,68;,
  3;68,69,67;,
  3;69,68,70;,
  3;70,41,69;,
  3;41,70,36;,
  3;48,34,51;,
  3;34,48,33;,
  3;51,43,60;,
  3;43,51,34;,
  3;43,55,60;,
  3;55,43,39;,
  3;39,54,55;,
  3;54,39,40;,
  3;12,63,17;,
  3;63,12,67;,
  3;67,32,63;,
  3;32,67,69;,
  3;69,41,32;,
  3;71,72,25;,
  3;73,75,74;,
  3;75,73,76;,
  3;75,77,74;,
  3;77,75,78;,
  3;79,78,80;,
  3;78,79,77;,
  3;81,83,82;,
  3;83,85,84;,
  3;85,83,86;,
  3;87,89,88;,
  3;89,90,88;,
  3;90,89,91;,
  3;92,94,93;,
  3;92,88,94;,
  3;92,87,88;,
  3;88,95,94;,
  3;95,88,90;,
  3;96,94,83;,
  3;94,86,83;,
  3;86,94,95;,
  3;97,99,98;,
  3;99,97,100;,
  3;100,101,99;,
  3;101,100,102;,
  3;103,105,104;,
  3;105,103,106;,
  3;106,107,105;,
  3;107,106,108;,
  3;104,110,109;,
  3;110,104,105;,
  3;105,111,110;,
  3;111,105,107;,
  3;109,100,97;,
  3;100,109,110;,
  3;110,102,100;,
  3;102,110,111;,
  3;112,114,113;,
  3;114,112,115;,
  3;116,118,117;,
  3;118,116,119;,
  3;120,122,121;,
  3;122,120,123;,
  3;120,125,124;,
  3;125,120,121;,
  3;126,125,127;,
  3;125,126,124;,
  3;95,97,86;,
  3;97,95,109;,
  3;86,98,85;,
  3;98,86,97;,
  3;90,103,104;,
  3;103,90,91;,
  3;104,95,90;,
  3;95,104,109;,
  3;128,96,129;,
  3;96,128,93;,
  3;129,130,128;,
  3;130,129,131;,
  3;72,28,25;,
  3;28,72,132;,
  3;9,133,8;,
  3;134,136,135;,
  3;136,134,137;,
  3;81,137,134;,
  3;138,11,139;,
  3;138,10,11;,
  3;138,140,10;,
  3;141,11,142;,
  3;11,141,139;,
  3;128,130,143;,
  3;93,144,92;,
  3;93,143,144;,
  3;93,128,143;,
  3;145,87,146;,
  3;87,145,147;,
  3;74,148,73;,
  3;148,74,149;,
  3;150,147,145;,
  3;7,149,74;,
  3;148,151,73;,
  3;102,152,101;,
  3;152,102,126;,
  3;102,124,126;,
  3;124,102,111;,
  3;111,120,124;,
  3;120,111,107;,
  3;120,108,123;,
  3;108,120,107;,
  3;8,154,153;,
  3;154,8,133;,
  3;153,155,8;,
  3;155,153,156;,
  3;121,113,114;,
  3;113,121,122;,
  3;122,112,113;,
  3;112,122,157;,
  3;158,125,159;,
  3;125,158,127;,
  3;159,121,114;,
  3;121,159,125;,
  3;126,160,152;,
  3;160,126,161;,
  3;162,122,123;,
  3;122,162,163;,
  3;122,164,157;,
  3;164,122,163;,
  3;165,126,127;,
  3;126,165,161;,
  3;161,166,160;,
  3;166,161,167;,
  3;162,117,163;,
  3;117,162,116;,
  3;163,118,164;,
  3;118,163,117;,
  3;165,167,161;,
  3;167,165,168;,
  3;169,171,170;,
  3;171,169,172;,
  3;173,175,174;,
  3;175,173,176;,
  3;177,179,178;,
  3;179,177,173;,
  3;180,179,181;,
  3;179,180,182;,
  3;183,169,170;,
  3;169,183,184;,
  3;175,186,185;,
  3;186,175,176;,
  3;45,187,44;,
  3;187,45,188;,
  3;180,169,182;,
  3;169,180,172;,
  3;19,29,66;,
  3;20,29,19;,
  3;29,30,189;,
  3;30,190,189;,
  3;190,30,33;,
  3;33,191,190;,
  3;191,33,48;,
  3;191,49,192;,
  3;49,191,48;,
  3;192,52,193;,
  3;52,192,49;,
  3;194,170,186;,
  3;170,194,183;,
  3;170,185,186;,
  3;185,170,171;,
  3;186,176,194;,
  3;194,173,177;,
  3;173,194,176;,
  3;179,174,181;,
  3;174,179,173;,
  3;178,182,184;,
  3;182,178,179;,
  3;182,169,184;,
  3;16,17,20;,
  3;17,63,20;,
  3;66,195,65;,
  3;196,198,197;,
  3;198,196,199;,
  3;200,153,154;,
  3;153,200,201;,
  3;202,204,203;,
  3;205,207,206;,
  3;196,209,208;,
  3;209,196,197;,
  3;210,208,211;,
  3;208,210,196;,
  3;212,214,213;,
  3;214,212,215;,
  3;212,213,211;,
  3;201,217,216;,
  3;217,201,200;,
  3;218,220,219;,
  3;220,218,216;,
  3;210,199,196;,
  3;214,205,206;,
  3;221,223,222;,
  3;197,198,224;,
  3;224,226,225;,
  3;226,224,198;,
  3;227,214,206;,
  3;228,229,213;,
  3;229,228,230;,
  3;219,232,231;,
  3;214,228,213;,
  3;156,201,233;,
  3;201,156,153;,
  3;233,216,218;,
  3;216,233,201;,
  3;220,216,234;,
  3;235,220,234;,
  3;236,238,237;,
  3;238,236,239;,
  3;208,240,211;,
  3;240,208,241;,
  3;211,242,212;,
  3;242,211,240;,
  3;243,239,244;,
  3;239,243,238;,
  3;244,236,245;,
  3;236,244,239;,
  3;246,221,222;,
  3;221,246,215;,
  3;221,212,247;,
  3;212,221,215;,
  3;199,248,1;,
  3;248,199,249;,
  3;133,9,250;,
  3;249,210,251;,
  3;210,249,199;,
  3;210,211,251;,
  3;252,2,253;,
  3;2,252,1;,
  3;19,254,18;,
  3;254,19,64;,
  3;23,68,13;,
  3;68,23,255;,
  3;68,256,70;,
  3;256,68,255;,
  3;256,36,70;,
  3;36,256,257;,
  3;258,1,252;,
  3;1,258,199;,
  3;257,259,36;,
  3;36,259,35;,
  3;260,203,261;,
  3;203,260,202;,
  3;262,263,222;,
  3;263,262,264;,
  3;198,258,226;,
  3;258,198,199;,
  3;265,204,227;,
  3;265,206,266;,
  3;206,265,227;,
  3;222,267,246;,
  3;267,222,263;,
  3;89,87,147;,
  3;82,83,84;,
  3;78,16,18;,
  3;16,78,75;,
  3;75,15,16;,
  3;15,75,76;,
  3;15,71,14;,
  3;71,15,76;,
  3;14,268,24;,
  3;268,14,71;,
  3;248,269,1;,
  3;1,269,0;,
  3;135,129,134;,
  3;129,135,131;,
  3;134,96,81;,
  3;96,134,129;,
  3;96,83,81;,
  3;94,96,93;,
  3;29,189,66;,
  3;205,215,246;,
  3;267,205,246;,
  3;205,267,207;,
  3;205,214,215;,
  3;187,188,270;,
  3;224,272,271;,
  3;223,221,209;,
  3;224,223,197;,
  3;271,273,262;,
  3;273,271,272;,
  3;263,275,274;,
  3;273,276,262;,
  3;277,272,278;,
  3;272,277,273;,
  3;223,271,262;,
  3;271,223,224;,
  3;223,209,197;,
  3;208,221,247;,
  3;221,208,209;,
  3;222,223,262;,
  3;266,207,279;,
  3;207,266,206;,
  3;207,280,279;,
  3;280,207,267;,
  3;280,263,274;,
  3;263,280,267;,
  3;264,262,276;,
  3;76,73,72;,
  3;138,281,140;,
  3;73,132,72;,
  3;132,73,151;,
  3;72,71,76;,
  3;272,225,278;,
  3;155,11,8;,
  3;276,277,282;,
  3;277,276,273;,
  3;275,276,282;,
  3;276,275,264;,
  3;28,141,27;,
  3;141,28,139;,
  3;139,132,138;,
  3;132,139,28;,
  3;132,281,138;,
  3;281,132,151;,
  3;281,148,283;,
  3;148,281,151;,
  3;283,149,284;,
  3;149,283,148;,
  3;7,284,149;,
  3;284,7,4;,
  3;6,79,22;,
  3;79,6,77;,
  3;77,7,74;,
  3;7,77,6;,
  3;5,3,4;,
  3;3,5,2;,
  3;285,137,82;,
  3;137,285,136;,
  3;137,81,82;,
  3;92,146,87;,
  3;146,92,144;,
  3;2,21,253;,
  3;21,2,5;,
  3;286,213,229;,
  3;251,211,286;,
  3;213,286,211;,
  3;234,216,217;,
  3;227,202,228;,
  3;202,230,228;,
  3;230,202,260;,
  3;232,220,235;,
  3;228,214,227;,
  3;26,71,25;,
  3;71,26,268;,
  3;155,142,11;,
  3;18,80,78;,
  3;80,18,254;,
  3;272,224,225;,
  3;275,263,264;,
  3;202,227,204;,
  3;232,219,220;,
  3;287,289,288;,
  3;289,287,290;,
  3;291,288,292;,
  3;288,291,287;,
  3;293,292,294;,
  3;292,293,291;,
  3;295,294,296;,
  3;294,295,293;,
  3;296,297,295;,
  3;298,290,299;,
  3;290,298,289;,
  3;300,302,301;,
  3;302,300,303;,
  3;304,300,305;,
  3;300,304,303;,
  3;306,305,307;,
  3;305,306,304;,
  3;308,306,307;,
  3;306,308,309;,
  3;308,310,309;,
  3;145,146,311;,
  3;312,314,313;,
  3;314,312,315;,
  3;316,318,317;,
  3;318,316,319;,
  3;320,322,321;,
  3;322,320,323;,
  3;324,326,325;,
  3;326,324,327;,
  3;328,324,325;,
  3;324,328,329;,
  3;330,331,328;,
  3;331,330,332;,
  3;319,22,318;,
  3;22,319,21;,
  3;327,333,326;,
  3;333,327,334;,
  3;335,337,336;,
  3;337,335,338;,
  3;339,341,340;,
  3;341,339,342;,
  3;341,344,343;,
  3;344,341,342;,
  3;345,347,346;,
  3;347,345,348;,
  3;346,350,349;,
  3;350,346,347;,
  3;348,351,347;,
  3;351,348,352;,
  3;347,353,350;,
  3;353,347,351;,
  3;352,341,351;,
  3;341,352,340;,
  3;351,343,353;,
